 L8x8x1-1/8	8.000	1.125	8.000	1.125
 L8x8x1		8.000	1.000	8.000	1.000
 L8x8x7/8	8.000	0.875	8.000	0.875
 L8x8x3/4	8.000	0.750	8.000	0.750
 L8x8x5/8	8.000	0.625	8.000	0.625
 L8x8x1/2	8.000	0.500	8.000	0.500
 L8x6x1		8.000	1.000	6.000	1.000
 L8x6x3/4	8.000	0.750	6.000	0.750
 L8x6x1/2	8.000	0.500	6.000	0.500
 L8x6x7/16	8.000	0.438	6.000	0.438
 L8x4x1		8.000	1.000	4.000	1.000
 L8x4x3/4	8.000	0.750	4.000	0.750
 L8x4x1/2	8.000	0.500	4.000	0.500
 L8x4x7/16	8.000	0.438	4.000	0.438
 L7x4x7/8	7.000	0.875	4.000	0.875
 L7x4x3/4	7.000	0.750	4.000	0.750
 L7x4x1/2	7.000	0.500	4.000	0.500
 L7x4x3/8	7.000	0.375	4.000	0.375
 L6x6x1		6.000	1.000	6.000	1.000
 L6x6x7/8	6.000	0.875	6.000	0.875
 L6x6x3/4	6.000	0.750	6.000	0.750
 L6x6x5/8	6.000	0.625	6.000	0.625
 L6x6x1/2	6.000	0.500	6.000	0.500
 L6x6x3/8	6.000	0.375	6.000	0.375
 L6x4x7/8	6.000	0.875	4.000	0.875
 L6x4x3/4	6.000	0.750	4.000	0.750
 L6x4x1/2	6.000	0.500	4.000	0.500
 L6x4x3/8	6.000	0.375	4.000	0.375
 L6x4x5/16	6.000	0.312	4.000	0.312
 L6x3.5x1/2	6.000	0.500	3.500	0.500
 L6x3.5x3/8	6.000	0.375	3.500	0.375
 L6x3.5x1/4	6.000	0.250	3.500	0.250
 L5x5x7/8	5.000	0.875	5.000	0.875
 L5x5x3/4	5.000	0.750	5.000	0.750
 L5x5x5/8	5.000	0.625	5.000	0.625
 L5x5x1/2	5.000	0.500	5.000	0.500
 L5x5x3/8	5.000	0.375	5.000	0.375
 L5x3.5x1/2	5.000	0.500	3.500	0.500
 L5x3.5x3/8	5.000	0.375	3.500	0.375
 L5x3.5x1/4	5.000	0.250	3.500	0.250
 L5x3x1/2	5.000	0.500	3.000	0.500
 L5x3x3/8	5.000	0.375	3.000	0.375
 L5x3x1/4	5.000	0.250	3.000	0.250
 L4x4x3/4	4.000	0.750	4.000	0.750
 L4x4x5/8	4.000	0.625	4.000	0.625
 L4x4x1/2	4.000	0.500	4.000	0.500
 L4x4x3/8	4.000	0.375	4.000	0.375
 L4x4x1/8	4.000	0.125	4.000	0.125
 L4x3.5x5/8	4.000	0.625	3.500	0.625
 L4x3.5x1/2	4.000	0.500	3.500	0.500
 L4x3.5x3/8	4.000	0.375	3.500	0.375
 L4x3.5x1/4	4.000	0.250	3.500	0.250
 L4x3x5/8	4.000	0.625	3.000	0.625
 L4x3x1/2	4.000	0.500	3.000	0.500
 L4x3x1/4	4.000	0.250	3.000	0.250
 L3.5x3.5x1/2	3.500	0.500	3.500	0.500
 L3.5x3.5x3/8	3.500	0.375	3.500	0.375
 L3.5x3.5x1/4	3.500	0.250	3.500	0.250
 L3.5x3x1/2	3.500	0.500	3.000	0.500
 L3.5x3x1/4	3.500	0.250	3.000	0.250
 L3.5x2.5x1/2	3.500	0.500	2.500	0.500
 L3.5x2.5x1/4	3.500	0.250	2.500	0.250
 L3x3x1/2	3.000	0.500	3.000	0.500
 L3x3x3/8	3.000	0.375	3.000	0.375
 L3x3x1/4	3.000	0.250	3.000	0.250
 L3x2.5x1/2	3.000	0.500	2.500	0.500
 L3x2.5x3/8	3.000	0.375	2.500	0.375
 L3x2.5x1/4	3.000	0.250	2.500	0.250
 L3x2x1/2	3.000	0.500	2.000	0.500
 L3x2x3/16	3.000	0.188	2.000	0.188
 L2.5x2.5x1/2	2.500	0.500	2.500	0.500
 L2.5x2.5x3/8	2.500	0.375	2.500	0.375
 L2.5x2.5x1/4	2.500	0.250	2.500	0.250
 L2.5x2x3/8	2.500	0.375	2.000	0.375
 L2.5x2x3/16	2.500	0.188	2.000	0.188
 L2x2x3/8	2.000	0.375	2.000	0.375
 L2x2x1/4	2.000	0.250	2.000	0.250
 L2x2x1/8	2.000	0.125	2.000	0.125
 L2x1.5x1/4	2.000	0.250	1.500	0.250
 L2x1.5x1/8	2.000	0.125	1.500	0.125
 L1.75x1.75	1.750	0.250	1.750	0.250
 L1.75x1.75	1.750	0.125	1.750	0.125
 L1.75x1.25	1.750	0.250	1.250	0.250
 L1.75x1.25	1.750	0.125	1.250	0.125
 L1.5x1.5x1/4	1.500	0.250	1.500	0.250
 L1.5x1.5x1/8	1.500	0.125	1.500	0.125
 L1.25x1.25x1/4	1.250	0.250	1.250	0.250
 L1.25x1.25x1/8	1.250	0.125	1.250	0.125
 L1x1x1/4	1.000	0.250	1.000	0.250
 L1x1x1/8	1.000	0.125	1.000	0.125
