!
!	File:	fstnr.dat
!
!	Author:	J.H.Kidd  I(UK) Dec 1989
!	Modified: J Hanson HSV Dec 1990
!
!	This file is the data file for the metric fasteners for fastener.u
!	program.
!
!	This file may be added to edited or replaced at the users risc!
!	
!	The structure of the file is described at the end of this file.
!
!	The most likely field to be edited are the ones used to make up
!	the partnumber in mdu, which are in the first line fo the data &
!	the second field in each diameter set.
!
!	Note that the ! character denotes the comments in the header only
!	No comments can be placed in with the data, though they may be added
!	to this header or after the data block
!
---------------------- start of data --------------------------------------
 BOLT-   NUT-   CHS-   CSS-   STUD-

 0.060 0
 0.039 0.090 0.103 0.087 0.002 0.005 0.008 0.000 0.033 0.018
 0.150 0.180 0.000
 0.000 0.084 0.048 0.036 0.126 0.038 0.021 0.036 0.114 0.012
 0.125 0.250 0.375 0.500 0.625 0.750 0.875 0.000 0.000 0.000
 0.000 0.000 0.000 0.000 0.000 0.000 0.000 0.000 0.000 0.000
 0.000 0.000 0.000 0.000 0.000 0.000 0.000 0.000 0.000 0.000
 0.000 0.000 0.000 0.000 0.000 0.000 
 0.125 0.250 0.375 0.500 0.625 0.750 0.875 1.000 
 1.125 1.250 1.375 1.500 1.625 1.750
 0.090 0.060 0.180 0.180 0.180 0.180 0.300 0.300 0.300
 0.300 0.300 0.300 0.300 0.300 0.300
 0.060 0.068 0.090

 0.073 1
 0.047 0.109 0.126 0.106 0.002 0.007 0.009 0.000 0.040 0.022
 0.183 0.219 0.000
 0.000 0.102 0.058 0.044 0.153 0.046 0.026 0.044 0.139 0.015
 0.125 0.250 0.375 0.500 0.625 0.750 0.875 0.000 0.000 0.000
 0.000 0.000 0.000 0.000 0.000 0.000 0.000 0.000 0.000 0.000
 0.000 0.000 0.000 0.000 0.000 0.000 0.000 0.000 0.000 0.000
 0.000 0.000 0.000 0.000 0.000 0.000 
 0.125 0.250 0.375 0.500 0.625 0.750 0.875 1.000 
 1.125 1.250 1.375 1.500 1.625 1.750
 0.109 0.073 0.219 0.219 0.219 0.219 0.365 0.365 0.365
 0.365 0.365 0.365 0.365 0.365 0.365
 0.073 0.082 0.109

 0.086 2
 0.056 0.129 0.148 0.125 0.003 0.008 0.011 0.000 0.047 0.026
 0.215 0.258 0.000
 0.000 0.120 0.069 0.052 0.181 0.054 0.030 0.052 0.163 0.017
 0.125 0.250 0.375 0.500 0.625 0.750 0.875 0.000 0.000 0.000
 0.000 0.000 0.000 0.000 0.000 0.000 0.000 0.000 0.000 0.000
 0.000 0.000 0.000 0.000 0.000 0.000 0.000 0.000 0.000 0.000
 0.000 0.000 0.000 0.000 0.000 0.000 
 0.125 0.250 0.375 0.500 0.625 0.750 0.875 1.000 
 1.125 1.250 1.375 1.500 1.625 1.750
 0.129 0.086 0.258 0.258 0.258 0.258 0.430 0.430 0.430
 0.430 0.430 0.430 0.430 0.430 0.430
 0.086 0.097 0.129

 0.099 3
 0.064 0.149 0.171 0.144 0.003 0.009 0.013 0.000 0.054 0.030
 0.248 0.297 0.000
 0.000 0.139 0.079 0.059 0.208 0.062 0.035 0.059 0.188 0.020
 0.125 0.250 0.375 0.500 0.625 0.750 0.875 0.000 0.000 0.000
 0.000 0.000 0.000 0.000 0.000 0.000 0.000 0.000 0.000 0.000
 0.000 0.000 0.000 0.000 0.000 0.000 0.000 0.000 0.000 0.000
 0.000 0.000 0.000 0.000 0.000 0.000 
 0.125 0.250 0.375 0.500 0.625 0.750 0.875 1.000 
 1.125 1.250 1.375 1.500 1.625 1.750
 0.149 0.099 0.297 0.297 0.297 0.297 0.495 0.495 0.495
 0.495 0.495 0.495 0.495 0.495 0.495
 0.099 0.111 0.149

 0.112 4
 0.073 0.168 0.193 0.162 0.003 0.010 0.015 0.000 0.062 0.034
 0.280 0.336 0.000
 0.000 0.157 0.090 0.067 0.235 0.071 0.039 0.067 0.213 0.022
 0.125 0.250 0.375 0.500 0.625 0.750 0.875 0.000 0.000 0.000
 0.000 0.000 0.000 0.000 0.000 0.000 0.000 0.000 0.000 0.000
 0.000 0.000 0.000 0.000 0.000 0.000 0.000 0.000 0.000 0.000
 0.000 0.000 0.000 0.000 0.000 0.000 
 0.125 0.250 0.375 0.500 0.625 0.750 0.875 1.000 
 1.125 1.250 1.375 1.500 1.625 1.750
 0.168 0.112 0.336 0.336 0.336 0.336 0.560 0.560 0.560
 0.560 0.560 0.560 0.560 0.560 0.560
 0.112 0.126 0.168

 0.125 5
 0.081 0.188 0.216 0.181 0.004 0.011 0.016 0.000 0.069 0.038
 0.313 0.375 0.000
 0.000 0.175 0.100 0.075 0.263 0.079 0.044 0.075 0.238 0.025
 0.125 0.250 0.375 0.500 0.625 0.750 0.875 0.000 0.000 0.000
 0.000 0.000 0.000 0.000 0.000 0.000 0.000 0.000 0.000 0.000
 0.000 0.000 0.000 0.000 0.000 0.000 0.000 0.000 0.000 0.000
 0.000 0.000 0.000 0.000 0.000 0.000 
 0.125 0.250 0.375 0.500 0.625 0.750 0.875 1.000 
 1.125 1.250 1.375 1.500 1.625 1.750
 0.188 0.125 0.375 0.375 0.375 0.375 0.625 0.625 0.625
 0.625 0.625 0.625 0.625 0.625 0.625
 0.125 0.141 0.188

 0.138 6
 0.090 0.207 0.238 0.200 0.004 0.012 0.018 0.000 0.076 0.041
 0.345 0.414 0.000
 0.000 0.193 0.110 0.083 0.290 0.087 0.048 0.083 0.262 0.028
 0.125 0.250 0.375 0.500 0.625 0.750 0.875 0.000 0.000 0.000
 0.000 0.000 0.000 0.000 0.000 0.000 0.000 0.000 0.000 0.000
 0.000 0.000 0.000 0.000 0.000 0.000 0.000 0.000 0.000 0.000
 0.000 0.000 0.000 0.000 0.000 0.000 
 0.125 0.250 0.375 0.500 0.625 0.750 0.875 1.000 
 1.125 1.250 1.375 1.500 1.625 1.750
 0.207 0.138 0.414 0.414 0.414 0.414 0.690 0.690 0.690
 0.690 0.690 0.690 0.690 0.690 0.690
 0.138 0.155 0.207

 0.151 7
 0.098 0.226 0.260 0.219 0.005 0.014 0.020 0.000 0.083 0.045
 0.377 0.453 0.000
 0.000 0.211 0.121 0.091 0.317 0.095 0.053 0.091 0.287 0.030
 0.125 0.250 0.375 0.500 0.625 0.750 0.875 0.000 0.000 0.000
 0.000 0.000 0.000 0.000 0.000 0.000 0.000 0.000 0.000 0.000
 0.000 0.000 0.000 0.000 0.000 0.000 0.000 0.000 0.000 0.000
 0.000 0.000 0.000 0.000 0.000 0.000 
 0.125 0.250 0.375 0.500 0.625 0.750 0.875 1.000 
 1.125 1.250 1.375 1.500 1.625 1.750
 0.226 0.151 0.453 0.453 0.453 0.453 0.755 0.755 0.755
 0.755 0.755 0.755 0.755 0.755 0.755
 0.151 0.170 0.226

 0.164 8
 0.107 0.246 0.283 0.238 0.005 0.015 0.021 0.000 0.090 0.049
 0.410 0.492 0.000
 0.000 0.230 0.131 0.098 0.344 0.103 0.057 0.098 0.312 0.033
 0.125 0.250 0.375 0.500 0.625 0.750 0.875 0.000 0.000 0.000
 0.000 0.000 0.000 0.000 0.000 0.000 0.000 0.000 0.000 0.000
 0.000 0.000 0.000 0.000 0.000 0.000 0.000 0.000 0.000 0.000
 0.000 0.000 0.000 0.000 0.000 0.000 
 0.125 0.250 0.375 0.500 0.625 0.750 0.875 1.000 
 1.125 1.250 1.375 1.500 1.625 1.750
 0.246 0.164 0.492 0.492 0.492 0.492 0.820 0.820 0.820
 0.820 0.820 0.820 0.820 0.820 0.820
 0.164 0.184 0.246

 0.190 10
 0.124 0.285 0.328 0.275 0.006 0.017 0.025 0.000 0.105 0.057
 0.475 0.570 0.000
 0.000 0.266 0.152 0.114 0.399 0.120 0.066 0.114 0.361 0.038
 0.125 0.250 0.375 0.500 0.625 0.750 0.875 0.000 0.000 0.000
 0.000 0.000 0.000 0.000 0.000 0.000 0.000 0.000 0.000 0.000
 0.000 0.000 0.000 0.000 0.000 0.000 0.000 0.000 0.000 0.000
 0.000 0.000 0.000 0.000 0.000 0.000 
 0.125 0.250 0.375 0.500 0.625 0.750 0.875 1.000 
 1.125 1.250 1.375 1.500 1.625 1.750
 0.285 0.190 0.570 0.570 0.570 0.570 0.950 0.950 0.950
 0.950 0.950 0.950 0.950 0.950 0.950
 0.190 0.214 0.285

 0.216 12
 0.140 0.324 0.373 0.313 0.006 0.019 0.028 0.000 0.119 0.065
 0.540 0.648 0.000
 0.000 0.302 0.173 0.130 0.454 0.136 0.076 0.130 0.410 0.043
 0.125 0.250 0.375 0.500 0.625 0.750 0.875 0.000 0.000 0.000
 0.000 0.000 0.000 0.000 0.000 0.000 0.000 0.000 0.000 0.000
 0.000 0.000 0.000 0.000 0.000 0.000 0.000 0.000 0.000 0.000
 0.000 0.000 0.000 0.000 0.000 0.000 
 0.125 0.250 0.375 0.500 0.625 0.750 0.875 1.000 
 1.125 1.250 1.375 1.500 1.625 1.750
 0.324 0.216 0.648 0.648 0.648 0.648 1.080 1.080 1.080
 1.080 1.080 1.080 1.080 1.080 1.080
 0.216 0.243 0.324

 0.242 14
 0.157 0.363 0.417 0.351 0.007 0.022 0.031 0.000 0.133 0.073
 0.605 0.726 0.000
 0.000 0.339 0.194 0.145 0.508 0.152 0.085 0.145 0.460 0.048
 0.125 0.250 0.375 0.500 0.625 0.750 0.875 0.000 0.000 0.000
 0.000 0.000 0.000 0.000 0.000 0.000 0.000 0.000 0.000 0.000
 0.000 0.000 0.000 0.000 0.000 0.000 0.000 0.000 0.000 0.000
 0.000 0.000 0.000 0.000 0.000 0.000 
 0.125 0.250 0.375 0.500 0.625 0.750 0.875 1.000 
 1.125 1.250 1.375 1.500 1.625 1.750
 0.363 0.242 0.726 0.726 0.726 0.726 1.210 1.210 1.210
 1.210 1.210 1.210 1.210 1.210 1.210
 0.242 0.272 0.363

 0.250 1/4
 0.163 0.375 0.431 0.363 0.008 0.023 0.033 0.200 0.138 0.075
 0.625 0.750 0.000
 1.000 0.350 0.200 0.150 0.525 0.158 0.088 0.150 0.475 0.050
 0.250 0.375 0.500 0.625 0.750 0.875 1.000 1.250 0.000 0.000
 0.750 1.000 1.250 1.500 1.750 2.000 2.500 3.000 3.500 4.000 
 4.500 0.000 0.000 0.000 0.000 0.000 0.000 0.000 0.000 0.000
 0.000 0.000 0.000 0.000 0.000 0.000
 1.000 1.250 1.500 1.750 2.000 2.250 2.500 3.000
 3.500 4.000 4.500 5.000 5.500 6.000
 0.375 0.250 0.750 0.750 0.750 0.750 1.250 1.250 1.250
 1.250 1.250 1.250 1.250 1.250 1.250
 0.250 0.281 0.375

 0.268 16
 0.174 0.402 0.462 0.389 0.008 0.024 0.035 0.214 0.147 0.080
 0.670 0.804 0.000
 0.000 0.375 0.214 0.161 0.563 0.169 0.094 0.161 0.509 0.054
 0.250 0.375 0.500 0.625 0.750 0.875 1.000 1.250 0.000 0.000
 0.250 0.375 0.500 0.625 0.750 1.000 1.250 1.500 1.750 2.000 
 2.500 3.000 3.500 4.000 4.500 0.000 0.000 0.000 0.000 0.000
 0.000 0.000 0.000 0.000 0.000 0.000
 1.000 1.250 1.500 1.750 2.000 2.250 2.500 3.000
 3.500 4.000 4.500 5.000 5.500 6.000
 0.402 0.268 0.804 0.804 0.804 0.804 1.340 1.340 1.340
 1.340 1.340 1.340 1.340 1.340 1.340
 0.268 0.301 0.402

 0.294 18
 0.191 0.441 0.507 0.426 0.009 0.026 0.038 0.235 0.162 0.088
 0.735 0.882 0.000
 0.000 0.412 0.235 0.176 0.617 0.185 0.103 0.176 0.559 0.059
 0.250 0.375 0.500 0.625 0.750 0.875 1.000 1.250 0.000 0.000
 0.250 0.375 0.500 0.625 0.750 1.000 1.250 1.500 1.750 2.000 
 2.500 3.000 3.500 4.000 4.500 0.000 0.000 0.000 0.000 0.000
 0.000 0.000 0.000 0.000 0.000 0.000
 1.000 1.250 1.500 1.750 2.000 2.250 2.500 3.000
 3.500 4.000 4.500 5.000 5.500 6.000
 0.441 0.294 0.882 0.882 0.882 0.882 1.470 1.470 1.470
 1.470 1.470 1.470 1.470 1.470 1.470
 0.294 0.331 0.441

 0.313 5/16
 0.203 0.469 0.539 0.453 0.009 0.028 0.041 0.250 0.172 0.094
 0.781 0.938 0.000
 1.000 0.438 0.250 0.188 0.656 0.197 0.109 0.188 0.594 0.063
 0.250 0.375 0.500 0.625 0.750 0.875 1.000 1.250 0.000 0.000
 1.000 1.250 1.500 1.750 2.000 2.500 3.000 3.500 4.000 4.500 
 5.000 0.000 0.000 0.000 0.000 0.000 0.000 0.000 0.000 0.000
 0.000 0.000 0.000 0.000 0.000 0.000
 1.000 1.250 1.500 1.750 2.000 2.250 2.500 3.000
 3.500 4.000 4.500 5.000 5.500 6.000
 0.469 0.313 0.938 0.938 0.938 0.938 1.563 1.563 1.563
 1.563 1.563 1.563 1.563 1.563 1.563
 0.313 0.352 0.469

 0.320 20
 0.208 0.480 0.552 0.464 0.010 0.029 0.042 0.256 0.176 0.096
 0.800 0.960 0.000
 0.000 0.448 0.256 0.192 0.672 0.202 0.112 0.192 0.608 0.064
 0.250 0.375 0.500 0.625 0.750 0.875 1.000 1.250 0.000 0.000
 0.250 0.375 0.500 0.625 0.750 1.000 1.250 1.500 1.750 2.000 
 2.500 3.000 3.500 4.000 4.500 0.000 0.000 0.000 0.000 0.000
 0.000 0.000 0.000 0.000 0.000 0.000
 1.000 1.250 1.500 1.750 2.000 2.250 2.500 3.000
 3.500 4.000 4.500 5.000 5.500 6.000
 0.480 0.320 0.960 0.960 0.960 0.960 1.600 1.600 1.600
 1.600 1.600 1.600 1.600 1.600 1.600
 0.320 0.360 0.480

 0.372 24
 0.242 0.558 0.642 0.539 0.011 0.033 0.048 0.298 0.205 0.112
 0.930 1.116 0.000
 0.000 0.521 0.298 0.223 0.781 0.234 0.130 0.223 0.707 0.074
 0.250 0.375 0.500 0.625 0.750 0.875 1.000 1.250 0.000 0.000
 0.250 0.375 0.500 0.625 0.750 1.000 1.250 1.500 1.750 2.000 
 2.500 3.000 3.500 4.000 4.500 0.000 0.000 0.000 0.000 0.000
 0.000 0.000 0.000 0.000 0.000 0.000
 1.000 1.250 1.500 1.750 2.000 2.250 2.500 3.000
 3.500 4.000 4.500 5.000 5.500 6.000
 0.558 0.372 1.116 1.116 1.116 1.116 1.860 1.860 1.860
 1.860 1.860 1.860 1.860 1.860 1.860
 0.372 0.418 0.558

 0.375 3/8
 0.244 0.563 0.647 0.544 0.011 0.034 0.049 0.300 0.206 0.113
 0.938 1.125 0.000
 1.000 0.525 0.300 0.225 0.788 0.236 0.131 0.225 0.712 0.075
 0.375 0.500 0.625 0.750 1.000 1.250 1.500 1.750 2.000 0.000
 1.250 1.500 1.750 2.000 2.500 3.000 3.500 4.000 4.500 5.000 
 5.500 6.000 6.500 0.000 0.000 0.000 0.000 0.000 0.000 0.000
 0.000 0.000 0.000 0.000 0.000 0.000
 1.000 1.250 1.500 1.750 2.000 2.250 2.500 3.000
 3.500 4.000 4.500 5.000 5.500 6.000
 0.500 0.375 1.125 1.125 1.125 1.125 1.875 1.875 1.875
 1.875 1.875 1.875 1.875 1.875 1.875
 0.375 0.422 0.563

 0.438 7/16
 0.284 0.656 0.755 0.634 0.013 0.039 0.057 0.350 0.241 0.131
 1.094 1.313 0.000
 1.000 0.612 0.350 0.263 0.919 0.276 0.153 0.263 0.831 0.088
 0.250 0.375 0.500 0.625 0.750 0.875 1.000 1.250 0.000 0.000
 1.250 1.500 1.750 2.000 2.500 3.000 3.500 4.000 4.500 5.000
 5.500 6.000 6.500 0.000 0.000 0.000 0.000 0.000 0.000 0.000
 0.000 0.000 0.000 0.000 0.000 0.000
 1.000 1.250 1.500 1.750 2.000 2.250 2.500 3.000
 3.500 4.000 4.500 5.000 5.500 6.000
 0.500 0.500 1.125 1.125 1.125 1.125 1.875 1.875 1.875
 1.875 1.875 1.875 1.875 1.875 1.875
 0.438 0.492 0.656

 0.500 1/2
 0.325 0.750 0.863 0.725 0.015 0.045 0.065 0.400 0.275 0.150
 1.250 1.500 0.000
 1.000 0.700 0.400 0.300 1.050 0.315 0.175 0.300 0.950 0.100
 0.500 0.625 0.750 0.875 1.000 1.250 1.500 2.000 0.000 0.000
 1.500 1.750 2.000 2.500 3.000 3.500 4.000 4.500 5.000 5.500 
 6.000 6.500 7.000 7.500 0.000 0.000 0.000 0.000 0.000 0.000
 0.000 0.000 0.000 0.000 0.000 0.000
 1.000 1.250 1.500 1.750 2.000 2.250 2.500 3.000
 3.500 4.000 4.500 5.000 5.500 6.000
 0.500 0.500 1.125 1.125 1.125 1.125 1.875 1.875 1.875
 1.875 1.875 1.875 1.875 1.875 1.875
 0.500 0.563 0.750

 0.563 9/16
 0.366 0.844 0.970 0.816 0.017 0.051 0.073 0.450 0.309 0.169
 1.406 1.688 0.000
 1.000 0.788 0.450 0.337 1.181 0.354 0.197 0.337 1.069 0.113
 0.500 0.625 0.750 0.875 1.000 1.250 1.500 2.000 0.000 0.000
 1.750 2.000 2.500 3.000 3.500 4.000 4.500 5.000 5.500 6.000
 6.500 7.000 7.500 0.000 0.000 0.000 0.000 0.000 0.000 0.000
 0.000 0.000 0.000 0.000 0.000 0.000
 1.000 1.250 1.500 1.750 2.000 2.250 2.500 3.000
 3.500 4.000 4.500 5.000 5.500 6.000
 0.500 0.500 1.125 1.125 1.125 1.125 1.875 1.875 1.875
 1.875 1.875 1.875 1.875 1.875 1.875
 0.563 0.633 0.844

 0.625 5/8
 0.406 0.938 1.078 0.906 0.019 0.056 0.081 0.500 0.344 0.188
 1.563 1.875 0.000
 1.000 0.875 0.500 0.375 1.313 0.394 0.219 0.375 1.188 0.125
 0.625 0.750 0.875 1.000 1.250 1.500 2.000 2.500 0.000 0.000
 2.000 2.500 3.000 3.500 4.000 4.500 5.000 5.500 6.000 6.500
 7.000 7.500 8.000 8.500 9.000 9.500 10.00 0.000 0.000 0.000
 0.000 0.000 0.000 0.000 0.000 0.000
 1.000 1.250 1.500 1.750 2.000 2.250 2.500 3.000
 3.500 4.000 4.500 5.000 5.500 6.000
 0.500 0.500 1.125 1.125 1.125 1.125 1.875 1.875 1.875
 1.875 1.875 1.875 1.875 1.875 1.875
 0.625 0.703 0.938

 0.750 3/4
 0.488 1.125 1.294 1.087 0.023 0.068 0.098 0.600 0.413 0.225
 1.875 2.250 0.000
 1.000 1.050 0.600 0.450 1.575 0.473 0.262 0.450 1.425 0.150
 0.750 0.875 1.000 1.250 1.500 2.000 2.500 3.000 3.500 4.000
 2.500 3.000 3.500 4.000 4.500 5.000 5.500 6.000 6.500 7.000
 7.500 8.000 8.500 9.000 10.00 11.00 0.000 0.000 0.000 0.000
 0.000 0.000 0.000 0.000 0.000 0.000
 3.000 3.500 4.000 5.000 6.000 7.000 8.000 9.000
 10.00 11.00 12.00 14.00 16.00 18.00
 0.500 0.500 1.125 1.125 1.125 1.125 1.875 1.875 1.875
 1.875 1.875 1.875 1.875 1.875 1.875
 0.750 0.844 1.125

 0.875 7/8
 0.569 1.313 1.509 1.269 0.026 0.079 0.114 0.700 0.481 0.263
 2.188 2.625 0.000
 1.000 1.225 0.700 0.525 1.838 0.551 0.306 0.525 1.662 0.175
 0.750 0.875 1.000 1.250 1.500 2.000 2.500 3.000 3.500 4.000
 3.000 3.500 4.000 4.500 5.000 5.500 6.000 6.500 7.000 7.500
 8.000 8.500 9.000 10.00 11.00 12.00 0.000 0.000 0.000 0.000
 13.00 14.00 15.00 16.00 0.000 0.000
 3.000 3.500 4.000 5.000 6.000 7.000 8.000 9.000
 10.00 11.00 12.00 14.00 16.00 18.00
 0.500 0.750 1.125 1.125 1.125 1.125 1.875 1.875 1.875
 1.875 1.875 1.875 1.875 1.875 1.875
 0.875 0.984 1.313

 1.000 1
 0.650 1.500 1.725 1.450 0.030 0.090 0.130 0.800 0.550 0.300
 2.500 3.000 0.000
 1.000 1.400 0.800 0.600 2.100 0.630 0.350 0.600 1.900 0.200
 1.000 1.250 1.500 2.000 2.500 3.000 3.500 4.000 5.000 6.000
 3.000 3.500 4.000 4.500 5.000 6.000 7.000 8.000 9.000 10.00
 10.00 11.00 12.00 13.00 14.00 15.00 16.00 17.00 18.00 0.000
 0.000 0.000 0.000 0.000 0.000 0.000
 3.000 3.500 4.000 5.000 6.000 7.000 8.000 9.000
 10.00 11.00 12.00 14.00 16.00 18.00
 1.500 1.500 3.000 3.000 3.000 3.000 5.000 5.000 5.000
 5.000 5.000 5.000 5.000 5.000 5.000
 1.000 1.125 1.500

 1.125 1-1/8
 0.731 1.688 1.941 1.631 0.034 0.101 0.146 0.900 0.619 0.337
 2.813 3.375 0.000
 1.000 1.575 0.900 0.675 2.363 0.709 0.394 0.675 2.137 0.225
 1.000 1.250 1.500 2.000 2.500 3.000 3.500 4.000 5.000 6.000
 3.500 4.000 4.500 5.000 6.000 7.000 8.000 9.000 10.00 11.00
 12.00 13.00 14.00 15.00 16.00 17.00 18.00 0.000 0.000 0.000
 0.000 0.000 0.000 0.000 0.000 0.000
 3.000 3.500 4.000 5.000 6.000 7.000 8.000 9.000
 10.00 11.00 12.00 14.00 16.00 18.00
 1.688 2.813 3.375 3.375 3.375 3.375 5.625 5.625 5.625
 5.625 5.625 5.625 5.625 5.625 5.625
 1.125 1.266 1.688

 1.250 1-1/4
 0.813 1.875 2.156 1.813 0.038 0.113 0.163 1.000 0.688 0.375
 3.125 3.750 0.000
 1.000 1.750 1.000 0.750 2.625 0.788 0.438 0.750 2.375 0.250
 1.500 2.000 2.500 3.000 3.500 4.000 5.000 6.000 0.000 0.000
 4.000 4.500 5.000 6.000 7.000 8.000 9.000 10.00 11.00 12.00
 13.00 14.00 15.00 16.00 17.00 18.00 0.000 0.000 0.000 0.000
 0.000 0.000 0.000 0.000 0.000 0.000
 3.000 3.500 4.000 5.000 6.000 7.000 8.000 9.000
 10.00 11.00 12.00 14.00 16.00 18.00
 1.875 3.125 3.750 3.750 3.750 3.750 6.250 6.250 6.250
 6.250 6.250 6.250 6.250 6.250 6.250
 1.250 1.406 1.875

 1.375 1-3/8
 0.894 2.063 2.372 1.994 0.041 0.124 0.179 1.100 0.756 0.413
 3.438 4.125 0.000
 1.000 0.000 0.000 0.000 0.000 0.000 0.000 0.000 2.612 0.275
 1.500 2.000 2.500 3.000 3.500 4.000 5.000 6.000 0.000 0.000
 4.500 5.000 6.000 7.000 8.000 9.000 10.00 11.00 12.00 13.00 
 14.00 15.00 16.00 17.00 18.00 0.000 0.000 0.000 0.000 0.000
 0.000 0.000 0.000 0.000 0.000 0.000
 3.000 3.500 4.000 5.000 6.000 7.000 8.000 9.000
 10.00 11.00 12.00 14.00 16.00 18.00
 2.063 3.438 4.125 4.125 4.125 4.125 6.875 6.875 6.875
 6.875 6.875 6.875 6.875 6.875 6.875
 1.375 1.547 2.063

 1.500 1-1/2
 0.975 2.250 2.588 2.175 0.045 0.135 0.195 1.200 0.825 0.450
 3.750 4.500 0.000
 1.000 0.000 0.000 0.000 0.000 0.000 0.000 0.000 2.850 0.300
 1.500 2.000 2.500 3.000 3.500 4.000 5.000 6.000 0.000 0.000
 4.500 5.000 6.000 7.000 8.000 9.000 10.00 11.00 12.00 13.00
 14.00 15.00 16.00 17.00 18.00 0.000 0.000 0.000 0.000 0.000
 0.000 0.000 0.000 0.000 0.000 0.000
 3.000 3.500 4.000 5.000 6.000 7.000 8.000 9.000
 10.00 11.00 12.00 14.00 16.00 18.00
 2.250 3.750 4.500 4.500 4.500 4.500 7.500 7.500 7.500
 7.500 7.500 7.500 7.500 7.500 7.500
 1.500 1.688 2.250

 1.625 1-5/8
 1.056 2.438 2.803 2.356 0.049 0.146 0.211 1.300 0.894 0.488
 4.063 4.875 0.000
 1.000 0.000 0.000 0.000 0.000 0.000 0.000 0.000 3.087 0.325
 1.500 2.000 2.500 3.000 3.500 4.000 5.000 6.000 0.000 0.000
 5.000 6.000 7.000 8.000 9.000 10.00 11.00 12.00 13.00 14.00
 15.00 16.00 17.00 18.00 0.000 0.000 0.000 0.000 0.000 0.000
 0.000 0.000 0.000 0.000 0.000 0.000
 3.000 3.500 4.000 5.000 6.000 7.000 8.000 9.000
 10.00 11.00 12.00 14.00 16.00 18.00
 2.438 4.063 4.875 4.875 4.875 4.875 8.125 8.125 8.125
 8.125 8.125 8.125 8.125 8.125 8.125
 1.625 1.828 2.438

 1.750 1-3/4
 1.137 2.625 3.019 2.538 0.053 0.158 0.227 1.400 0.963 0.525
 4.375 5.250 0.000
 1.000 0.000 0.000 0.000 0.000 0.000 0.000 0.000 3.325 0.350
 2.000 2.500 3.000 3.500 4.000 5.000 6.000 7.000 0.000 0.000
 5.000 6.000 7.000 8.000 9.000 10.00 11.00 12.00 13.00 14.00
 15.00 16.00 17.00 18.00 19.00 20.00 22.00 0.000 0.000 0.000
 0.000 0.000 0.000 0.000 0.000 0.000
 3.000 3.500 4.000 5.000 6.000 7.000 8.000 9.000
 10.00 11.00 12.00 14.00 16.00 18.00
 2.625 4.375 5.250 5.250 5.250 5.250 8.750 8.750 8.750
 8.750 8.750 8.750 8.750 8.750 8.750
 1.750 1.969 2.625

 1.875 1-7/8
 1.219 2.813 3.234 2.719 0.056 0.169 0.244 1.500 1.031 0.563
 4.688 5.625 0.000
 1.000 0.000 0.000 0.000 0.000 0.000 0.000 0.000 3.563 0.375
 2.000 2.500 3.000 3.500 4.000 5.000 6.000 7.000 0.000 0.000
 6.000 7.000 8.000 9.000 10.00 11.00 12.00 13.00 14.00 15.00
 16.00 17.00 18.00 19.00 20.00 22.00 0.000 0.000 0.000 0.000
 0.000 0.000 0.000 0.000 0.000 0.000
 3.000 3.500 4.000 5.000 6.000 7.000 8.000 9.000
 10.00 11.00 12.00 14.00 16.00 18.00
 2.813 4.688 5.625 5.625 5.625 5.625 9.375 9.375 9.375
 9.375 9.375 9.375 9.375 9.375 9.375
 1.875 2.109 2.813

 2.000 2
 1.300 3.000 3.450 2.900 0.060 0.180 0.260 1.600 1.100 0.600
 5.000 6.000 0.000
 1.000 0.000 0.000 0.000 0.000 0.000 0.000 0.000 3.800 0.400
 2.000 2.500 3.000 3.500 4.000 5.000 6.000 7.000 0.000 0.000
 6.000 7.000 8.000 9.000 10.00 11.00 12.00 13.00 14.00 15.00
 16.00 17.00 18.00 19.00 20.00 22.00 0.000 0.000 0.000 0.000
 0.000 0.000 0.000 0.000 0.000 0.000
 3.000 3.500 4.000 5.000 6.000 7.000 8.000 9.000
 10.00 11.00 12.00 14.00 16.00 18.00
 3.000 5.000 6.000 6.000 6.000 6.000 10.000 10.000 10.000
 10.000 10.000 10.000 10.000 10.000 10.000
 2.000 2.250 3.000

 2.250 2-1/4
 1.463 3.375 3.881 3.262 0.068 0.202 0.292 1.800 1.238 0.675
 5.625 6.750 0.000
 1.000 0.000 0.000 0.000 0.000 0.000 0.000 0.000 4.275 0.450
 2.500 3.000 3.500 4.000 5.000 6.000 7.000 0.000 0.000 0.000
 7.000 8.000 9.000 10.00 11.00 12.00 13.00 14.00 15.00 16.00
 17.00 18.00 19.00 20.00 22.00 24.00 26.00 28.00 30.00 0.000
 0.000 0.000 0.000 0.000 0.000 0.000
 3.000 3.500 4.000 5.000 6.000 7.000 8.000 9.000
 10.00 11.00 12.00 14.00 16.00 18.00
 3.375 5.625 6.750 6.750 6.750 6.750 11.250 11.250 11.250
 11.250 11.250 11.250 11.250 11.250 11.250
 2.250 2.531 3.375

 2.500 2-1/2
 1.625 3.750 4.313 3.625 0.075 0.225 0.325 2.000 1.375 0.750
 6.250 7.500 0.000
 1.000 0.000 0.000 0.000 0.000 0.000 0.000 0.000 4.750 0.500
 2.500 3.000 3.500 4.000 5.000 6.000 7.000 8.000 9.000 10.00
 8.000 9.000 10.00 11.00 12.00 13.00 14.00 15.00 16.00 17.00
 18.00 19.00 20.00 22.00 24.00 26.00 28.00 30.00 32.00 34.00
 36.00 38.00 40.00 0.000 0.000 0.000
 3.000 3.500 4.000 5.000 6.000 7.000 8.000 9.000
 10.00 11.00 12.00 14.00 16.00 18.00
 3.750 6.250 7.500 7.500 7.500 7.500 12.500 12.500 12.500
 12.500 12.500 12.500 12.500 12.500 12.500
 2.500 2.813 3.750

0.0 ---------------------- end of data -----------------------------------------

	DATA FORMAT
	-----------

	The first line of data gives:

	BB   NN   CH   CS   SS

	where:
		BB = 1st string of partnumber for a BOLT
		NN = 1st string of partnumber for a NUT
		CH = 1st string of partnumber for a CAPHEAD SCREW
		CS = 1st string of partnumber for a COUNTERSUNK SCREW
		SS = 1st string of partnumber for a STUD

	PART NUMBER GENERATION ( mdc product ):

	The partnumber used in 'mdc' is made up from this first field and
	the partnumber fields associated with each diameter (2nd field in each
	diameter data block)

	eg: with the above data a 10mm bolt has the partnumber = BOLT-M10

	Note:	the maximum number of characters in the partnumber made up
		from these two fields is 16

	
	DIMENSIONS OF BOLTS, NUTS etc:

	Each diameter has 11 lines of data separated by a blank line

	ALL DATA MUST BE DEFINED FOR EACH DIA EVEN IF ALL = ZERO!

	all data are doubes except partnumber data which is char *.

	The data is arranged as follows with explanation below:
	( Note that the spacing on each line is not critical )

********************************************************************************
   dia   partnum
   ht      waf    wac    wfd    wft    ruh    ptch    nht    nhtt    thro 
   thl1    thl2   thl3 
   chd     chaf   chs    cshd   csaf   css    csht    wd     wth 
   sclen[0]....sclen[9]
   blen[0]....blen[9]
   blen[10]....blen[19]
   blen[20]....blen[25]
   slen[0]....slen[7]
   slen[8]....slen[13] 
   sthl1    sthl2[0]....sthl2[7]
   sthl2[8]....sthl2[13] 
   holecf   holecf   holecbd
				<-------- blank line here
********************************************************************************


    dia;       /* nominal diameter  */
    partnum;   // part number - second string
    ht;        /* head thickness    */
    waf;       /* width across flats */
    wac;       /* width across corners  */
    wfd;       /* washer face dia       */
    wft;       /* washer face thickness */
    ruh;       /* radius under head     */
    ptch;      /* thread pitch          */
    nht;       /* nut head thickness    */
    nhtt;      /* nut head thickness - thin */
    thro;      /* thread run out        */
    thl1;      /* bolt thread length len<125 */
    thl2;      /* bolt thread length 125<len<200 */
    thl3;      /* bolt thread length l>200   */
    chd;       /* cap head diameter     */
    chaf;      /* cap head width across flats */
    chs;       /* cap head hex recess   */
    cshd;      /* countersunk head dia  */
    csaf;      /* countersunk across flats */
    css;       /* countersunk hex recess */
    csht;      /* countersunk head thickness */
    wd;	     // nominal washer diameter
    wth;	     // nominal washer thickness
    sclen[11]; /* nominal screw lengths  */
    blen[26];  /* nominal bolt lengths & screws */
    slen[14];  // nominal stud lengths
    sthl1;     // fixed end thread lengths fo studs
    sthl2[14]; // free end thread lengths for studs
    holed;     // hole diameter
    holecf;    // hole chamfer
    holecbd;   // hole counterbore diameter

