 W36x300	36.720	0.945	16.650	1.680
 W36x280	36.500	0.885	16.590	1.570
 W36x260	36.240	0.845	16.550	1.440
 W36x245	36.060	0.802	16.510	1.350
 W36x230	35.880	0.765	16.470	1.260
 W36x210	36.690	0.830	12.180	1.360
 W36x194	36.480	0.765	12.110	1.260
 W36x182	36.320	0.725	12.070	1.180
 W36x170	36.160	0.680	12.020	1.100
 W36x160	36.000	0.650	12.000	1.020
 W36x150	35.840	0.625	11.970	0.940
 W36x135	35.550	0.600	11.950	0.790
 W33x241	33.500	0.830	15.860	1.400
 W33x221	33.250	0.775	15.810	1.275
 W33x201	33.000	0.715	15.750	1.150
 W33x152	33.500	0.635	11.560	1.055
 W33x141	33.310	0.605	11.530	0.960
 W33x130	33.100	0.580	11.510	0.855
 W33x118	32.860	0.550	11.510	0.740
 W30x211	30.940	0.775	15.100	1.315
 W30x190	30.680	0.710	15.040	1.185
 W30x173	30.440	0.655	14.980	1.065
 W30x132	30.300	0.615	10.550	1.000
 W30x124	30.160	0.585	10.520	0.930
 W30x116	30.000	0.564	10.500	0.850
 W30x108	29.820	0.548	10.480	0.760
 W30x99		29.650	0.520	10.450	0.670
 W27x178	27.310	0.725	14.090	1.190
 W27x161	27.080	0.658	14.020	1.075
 W27x146	26.880	0.600	13.960	0.975
 W27x114	27.280	0.570	10.070	0.932
 W27x102	27.070	0.518	10.020	0.827
 W27x94		26.910	0.490	9.990	0.747
 W27x84		26.710	0.460	9.960	0.640
 W24x162	25.000	0.705	12.955	1.220
 W24x146	24.740	0.650	12.900	1.090
 W24x131	24.480	0.605	12.855	0.960
 W24x117	24.260	0.550	12.800	0.850
 W24x104	24.060	0.500	12.750	0.750
 W24x94		24.310	0.515	9.065	0.875
 W24x84		24.100	0.470	9.020	0.770
 W24x76		23.920	0.440	8.990	0.680
 W24x68		23.730	0.415	8.965	0.585
 W24x62		23.740	0.430	7.040	0.590
 W24x55		23.570	0.395	7.005	0.505
 W21x147	22.060	0.720	12.510	1.150
 W21x132	21.830	0.650	12.440	1.035
 W21x122	21.680	0.600	12.390	0.960
 W21x111	21.510	0.550	12.340	0.875
 W21x101	21.360	0.500	12.290	0.800
 W21x93		21.620	0.580	8.420	0.930
 W21x83		21.430	0.515	8.355	0.835
 W21x73		21.240	0.455	8.290	0.740
 W21x68		21.130	0.430	8.270	0.685
 W21x62		21.990	0.400	8.240	0.615
 W21x57		21.060	0.405	6.555	0.650
 W21x50		20.830	0.380	6.530	0.535
 W21x44		20.660	0.350	6.500	0.450
 W18x119	18.970	0.665	11.265	1.060
 W18x106	18.730	0.590	11.200	0.940
 W18x97		18.590	0.535	11.145	0.870
 W18x86		18.390	0.480	11.090	0.770
 W18x76		18.210	0.425	11.035	0.680
 W18x71		18.470	0.495	7.635	0.810
 W18x65		18.350	0.450	7.590	0.750
 W18x60		18.240	0.415	7.555	0.695
 W18x55		18.110	0.390	7.530	0.630
 W18x50		17.990	0.355	7.495	0.570
 W18x46		18.060	0.360	6.060	0.605
 W18x40		17.900	0.315	6.015	0.525
 W18x35		17.700	0.300	6.000	0.425
 W16x100	16.970	0.585	10.425	0.985
 W16x89		16.750	0.525	10.365	0.875
 W16x77		16.520	0.455	10.295	0.760
 W16x67		16.330	0.395	10.235	0.665
 W16x57		16.430	0.430	7.120	0.715
 W16x50		16.260	0.380	7.070	0.630
 W16x45		16.130	0.345	7.035	0.565
 W16x40		16.010	0.305	6.995	0.505
 W16x36		15.860	0.295	6.985	0.430
 W16x31		15.880	0.275	5.525	0.440
 W16x26		15.690	0.250	5.500	0.345
 W14x730	22.420	3.070	17.890	4.910
 W14x665	21.640	2.830	17.650	4.520
 W14x605	20.920	2.595	17.415	4.160
 W14x550	20.240	2.380	17.200	3.820
 W14x500	19.600	2.190	17.010	3.500
 W14x455	19.020	2.015	16.835	3.210
 W14x426	18.670	1.875	16.695	3.035
 W14x398	18.290	1.770	16.590	2.845
 W14x370	17.920	1.655	16.475	2.660
 W14x342	17.540	1.540	16.360	2.470
 W14x311	17.120	1.410	16.230	2.260
 W14x283	16.740	1.290	16.110	2.070
 W14x257	16.380	1.175	15.995	1.890
 W14x233	16.040	1.070	15.890	1.720
 W14x211	15.720	0.980	15.800	1.560
 W14x193	15.480	0.890	15.710	1.440
 W14x176	15.220	0.830	15.650	1.310
 W14x159	14.980	0.745	15.565	1.190
 W14x145	14.780	0.680	15.500	1.090
 W14x132	14.660	0.645	14.725	1.030
 W14x120	14.480	0.590	14.670	0.940
 W14x109	14.320	0.525	14.605	0.860
 W14x99		14.160	0.485	14.565	0.780
 W14x90		14.020	0.440	14.520	0.710
 W14x82		14.310	0.510	10.130	0.855
 W14x74		14.170	0.450	10.070	0.785
 W14x68		14.040	0.415	10.035	0.720
 W14x61		13.890	0.375	9.995	0.645
 W14x53		13.920	0.370	8.060	0.660
 W14x48		13.790	0.340	8.030	0.595
 W14x43		13.660	0.305	7.995	0.530
 W14x38		14.100	0.310	6.770	0.515
 W14x34		13.980	0.285	6.745	0.455
 W14x30		13.840	0.270	6.730	0.385
 W14x26		13.910	0.255	5.025	0.420
 W14x22		13.740	0.230	5.000	0.335
 W12x336	16.820	1.775	13.385	2.955
 W12x305	16.320	1.625	13.235	2.705
 W12x279	15.850	1.530	13.140	2.470
 W12x252	15.410	1.395	13.005	2.250
 W12x230	15.050	1.285	12.895	2.070
 W12x210	14.710	1.180	12.790	1.900
 W12x190	14.380	1.060	12.670	1.735
 W12x170	14.030	0.960	12.570	1.560
 W12x152	13.710	0.870	12.480	1.400
 W12x135	13.410	0.790	12.400	1.250
 W12x120	13.120	0.710	12.320	1.105
 W12x106	12.890	0.610	12.220	0.990
 W12x96		12.710	0.550	12.160	0.900
 W12x87		12.530	0.515	12.125	0.810
 W12x79		12.380	0.470	12.080	0.735
 W12x72		12.250	0.430	12.040	0.670
 W12x65		12.120	0.390	12.000	0.605
 W12x58		12.190	0.360	10.010	0.640
 W12x53		12.060	0.345	9.995	0.575
 W12x50		12.190	0.370	8.080	0.640
 W12x45		12.060	0.335	8.045	0.575
 W12x40		11.940	0.295	8.005	0.515
 W12x35		12.500	0.300	6.560	0.520
 W12x30		12.340	0.260	6.520	0.440
 W12x26		12.220	0.230	6.490	0.380
 W12x22		12.310	0.260	4.030	0.425
 W12x19		12.160	0.235	4.005	0.350
 W12x16		11.990	0.220	3.990	0.265
 W12x14		11.910	0.200	3.970	0.225
 W10x112	11.360	0.755	10.415	1.250
 W10x100	11.100	0.680	10.340	1.120
 W10x88		10.840	0.605	10.265	0.990
 W10x77		10.600	0.530	10.190	0.870
 W10x68		10.400	0.470	10.130	0.770
 W10x60		10.220	0.420	10.080	0.680
 W10x54		10.090	0.370	10.030	0.615
 W10x49		9.980	0.340	10.000	0.560
 W10x45		10.100	0.350	8.020	0.620
 W10x39		9.920	0.315	7.985	0.530
 W10x33		9.730	0.290	7.960	0.435
 W10x30		10.470	0.300	5.810	0.510
 W10x26		10.330	0.260	5.770	0.440
 W10x22		10.170	0.240	5.750	0.360
 W10x19		10.240	0.250	4.020	0.395
 W10x17		10.110	0.240	4.010	0.330
 W10x15		9.990	0.230	4.000	0.270
 W10x12		9.870	0.190	3.960	0.210
 W8x67		9.000	0.570	8.280	0.935
 W8x58		8.750	0.510	8.220	0.810
 W8x48		8.500	0.400	8.110	0.685
 W8x40		8.250	0.360	8.070	0.560
 W8x35		8.120	0.310	8.020	0.495
 W8x31		8.000	0.285	7.995	0.435
 W8x28		8.060	0.285	6.535	0.465
 W8x24		7.930	0.245	6.495	0.400
 W8x21		8.280	0.250	5.270	0.400
 W8x18		8.140	0.230	5.250	0.330
 W8x15		8.110	0.245	4.015	0.315
 W8x13		7.990	0.230	4.000	0.255
 W8x10		7.890	0.170	3.940	0.205
 W6x25		6.380	0.260	6.080	0.455
 W6x20		6.200	0.230	6.020	0.365
 W6x15		5.990	0.170	5.990	0.260
 W6x16		6.280	0.270	4.030	0.405
 W6x12		6.030	0.240	4.000	0.280
 W6x9		5.900	0.280	3.940	0.215
 W5x19		5.150	0.270	5.030	0.430
 W5x16		5.010	0.240	5.000	0.360
 W4x13		4.160	0.280	4.060	0.345
 M14x18		14.000	0.215	4.000	0.270
 M12x11.8	12.000	0.177	3.065	0.225
 M10x9		10.000	0.157	2.690	0.206
 M8x6.5		8.000	0.135	2.281	0.189
 M6x20		6.000	0.250	5.938	0.379
 M5x18.9	5.000	0.316	5.003	0.416
 M4x13		4.000	0.254	3.940	0.371
 S24x120	24.500	0.798	8.050	0.798
 S24x106	24.500	0.625	7.870	0.625
 S24x100	24.000	0.747	7.245	0.747
 S24x90		24.000	0.624	7.125	0.624
 S24x80		24.000	0.500	7.000	0.500
 S20x96		20.300	0.800	7.200	0.800
 S20x86		20.300	0.653	7.060	0.653
 S20x75		20.000	0.614	6.385	0.614
 S20x66		20.000	0.500	6.255	0.500
 S18x70		18.000	0.711	6.251	0.711
 S18x54.7	18.000	0.460	6.001	0.460
 S15x50		15.000	0.550	5.640	0.550
 S15x42.9	15.000	0.410	5.500	0.410
 S12x50		12.000	0.687	5.477	0.687
 S12x40.8	12.000	0.460	5.252	0.460
 S12x35.0	12.000	0.428	5.078	0.428
 S12x31.8	12.000	0.350	5.000	0.350
 S10x35.0	10.000	0.594	4.944	0.594
 S10x25.4	10.000	0.310	4.661	0.310
 S8x23		8.000	0.441	4.171	0.441
 S8x18.4	8.000	0.270	4.001	0.270
 S7x20		7.000	0.450	3.860	0.450
 S7x15.3	7.000	0.250	3.662	0.250
 S6x17.25	6.000	0.465	3.565	0.465
 S6x12.5	6.000	0.230	3.330	0.230
 S5x14.75	5.000	0.494	3.284	0.494
 S5x10.0	5.000	0.210	3.000	0.210
 S4x9.5		4.000	0.326	2.796	0.326
 S4x7.7		4.000	0.190	2.660	0.190
 S3x7.5		3.000	0.349	2.509	0.349
 S3x5.7		3.000	0.170	2.330	0.170
 HP14x117	14.210	0.805	14.885	0.805
 HP14x102	14.010	0.705	14.785	0.705
 HP14x89	13.830	0.615	14.695	0.615
 HP14x73	13.610	0.505	14.585	0.505
 HP13x100	13.150	0.765	13.205	0.765
 HP13x87	12.950	0.665	13.105	0.665
 HP13x73	12.750	0.565	13.005	0.565
 HP13x60	12.540	0.460	12.900	0.460
 HP12x84	12.280	0.685	12.295	0.685
 HP12x74	12.130	0.605	12.215	0.605
 HP12x63	11.940	0.515	12.125	0.515
 HP12x53	11.780	0.435	12.045	0.435
 HP10x57	9.990	0.565	10.225	0.565
 HP10x42	9.700	0.415	10.075	0.415
 HP8x36		8.020	0.445	8.155	0.445
