 WT18x150	18.360	0.945	16.650	1.680
 WT18x140	18.250	0.885	16.590	1.570
 WT18x130	18.120	0.845	16.550	1.440
 WT18x122.5	18.030	0.802	16.510	1.350
 WT18x115	17.940	0.765	16.470	1.260
 WT18x105	18.345	0.830	12.180	1.360
 WT18x97	18.240	0.765	12.110	1.260
 WT18x91	18.160	0.725	12.070	1.180
 WT18x85	18.080	0.680	12.020	1.100
 WT18x80	18.000	0.650	12.000	1.020
 WT18x75	17.920	0.625	11.970	0.940
 WT18x67.5	17.775	0.600	11.950	0.790
 WT16.5x120.5	16.750	0.830	15.860	1.400
 WT16.5x110.5	16.625	0.775	15.810	1.275
 WT16.5x100.5	16.500	0.715	15.750	1.150
 WT16.5x76	16.750	0.635	11.560	1.055
 WT16.5x70.5	16.655	0.605	11.530	0.960
 WT16.5x65	16.550	0.580	11.510	0.855
 WT16.5x59	16.430	0.550	11.510	0.740
 WT15x105.5	15.470	0.775	15.100	1.315
 WT15x95	15.340	0.710	15.040	1.185
 WT15x86.5	15.220	0.655	14.980	1.065
 WT15x66	15.150	0.615	10.550	1.000
 WT15x62	15.080	0.585	10.520	0.930
 WT15x58	15.000	0.564	10.500	0.850
 WT15x54	14.910	0.548	10.480	0.760
 WT15x49.5	14.825	0.520	10.450	0.670
 WT13.5x89	13.655	0.725	14.090	1.190
 WT13.5x80.5	13.540	0.658	14.020	1.075
 WT13.5x73	13.440	0.600	13.960	0.975
 WT13.5x57	13.640	0.570	10.070	0.932
 WT13.5x51	13.535	0.518	10.020	0.827
 WT13.5x47	13.455	0.490	9.990	0.747
 WT13.5x42	13.355	0.460	9.960	0.640
 WT12x81	12.500	0.705	12.955	1.220
 WT12x73	12.370	0.650	12.900	1.090
 WT12x65.5	12.240	0.605	12.855	0.960
 WT12x58.5	12.130	0.550	12.800	0.850
 WT12x52	12.030	0.500	12.750	0.750
 WT12x47	12.155	0.515	9.065	0.875
 WT12x42	12.050	0.470	9.020	0.770
 WT12x38	11.960	0.440	8.990	0.680
 WT12x34	11.865	0.415	8.965	0.585
 WT12x31	11.870	0.430	7.040	0.590
 WT12x27.5	11.785	0.395	7.005	0.505
 WT10.5x73.5	11.030	0.720	12.510	1.150
 WT10.5x66	10.915	0.650	12.440	1.035
 WT10.5x61	10.840	0.600	12.390	0.960
 WT10.5x55.5	10.755	0.550	12.340	0.875
 WT10.5x50.5	10.680	0.500	12.290	0.800
 WT10.5x46.5	10.810	0.580	8.420	0.930
 WT10.5x41.5	10.715	0.515	8.355	0.835
 WT10.5x36.5	10.620	0.455	8.290	0.740
 WT10.5x34	10.565	0.430	8.270	0.685
 WT10.5x31	10.995	0.400	8.240	0.615
 WT10.5x28.5	10.530	0.405	6.555	0.650
 WT10.5x25	10.415	0.380	6.530	0.535
 WT10.5x22	10.330	0.350	6.500	0.450
 WT9x59.5	9.485	0.665	11.265	1.060
 WT9x53		9.365	0.590	11.200	0.940
 WT9x48.5	9.295	0.535	11.145	0.870
 WT9x43		9.195	0.480	11.090	0.770
 WT9x38		9.105	0.425	11.035	0.680
 WT9x35.5	9.235	0.495	7.635	0.810
 WT9x32.5	9.175	0.450	7.590	0.750
 WT9x30		9.120	0.415	7.555	0.695
 WT9x27.5	9.055	0.390	7.530	0.630
 WT9x25		8.995	0.355	7.495	0.570
 WT9x23		9.030	0.360	6.060	0.605
 WT9x20		8.950	0.315	6.015	0.525
 WT9x17.5	8.850	0.300	6.000	0.425
 WT8x50		8.485	0.585	10.425	0.985
 WT8x44.5	8.375	0.525	10.365	0.875
 WT8x38.5	8.260	0.455	10.295	0.760
 WT8x33.5	8.165	0.395	10.235	0.665
 WT8x28.5	8.215	0.430	7.120	0.715
 WT8x25		8.130	0.380	7.070	0.630
 WT8x22.5	8.065	0.345	7.035	0.565
 WT8x20		8.005	0.305	6.995	0.505
 WT8x18		7.930	0.295	6.985	0.430
 WT8x15.5	7.940	0.275	5.525	0.440
 WT8x13		7.845	0.250	5.500	0.345
 WT7x365	11.210	3.070	17.890	4.910
 WT7x332.5	10.820	2.830	17.650	4.520
 WT7x302.5	10.460	2.595	17.415	4.160
 WT7x275	10.120	2.380	17.200	3.820
 WT7x250	9.800	2.190	17.010	3.500
 WT7x227.5	9.510	2.015	16.835	3.210
 WT7x213	9.335	1.875	16.695	3.035
 WT7x199	9.145	1.770	16.590	2.845
 WT7x185	8.960	1.655	16.475	2.660
 WT7x171	8.770	1.540	16.360	2.470
 WT7x155.5	8.560	1.410	16.230	2.260
 WT7x141.5	8.370	1.290	16.110	2.070
 WT7x128.5	8.190	1.175	15.995	1.890
 WT7x116.5	8.020	1.070	15.890	1.720
 WT7x105.5	7.860	0.980	15.800	1.560
 WT7x96.5	7.740	0.890	15.710	1.440
 WT7x88		7.610	0.830	15.650	1.310
 WT7x79.5	7.490	0.745	15.565	1.190
 WT7x72.5	7.390	0.680	15.500	1.090
 WT7x66		7.330	0.645	14.725	1.030
 WT7x60		7.240	0.590	14.670	0.940
 WT7x54.5	7.160	0.525	14.605	0.860
 WT7x49.5	7.080	0.485	14.565	0.780
 WT7x45		7.010	0.440	14.520	0.710
 WT7x41		7.155	0.510	10.130	0.855
 WT7x37		7.085	0.450	10.070	0.785
 WT7x34		7.020	0.415	10.035	0.720
 WT7x30.5	6.945	0.375	9.995	0.645
 WT7x26.5	6.960	0.370	8.060	0.660
 WT7x24		6.895	0.340	8.030	0.595
 WT7x21.5	6.830	0.305	7.995	0.530
 WT7x19		7.050	0.310	6.770	0.515
 WT7x17		6.990	0.285	6.745	0.455
 WT7x15		6.920	0.270	6.730	0.385
 WT7x13		6.955	0.255	5.025	0.420
 WT7x11		6.870	0.230	5.000	0.335
 WT6x168	8.410	1.775	13.385	2.955
 WT6x152.5	8.160	1.625	13.235	2.705
 WT6x139.5	7.925	1.530	13.140	2.470
 WT6x126	7.705	1.395	13.005	2.250
 WT6x115	7.525	1.285	12.895	2.070
 WT6x105	7.355	1.180	12.790	1.900
 WT6x95		7.190	1.060	12.670	1.735
 WT6x85		7.015	0.960	12.570	1.560
 WT6x76		6.855	0.870	12.480	1.400
 WT6x67.5	6.705	0.790	12.400	1.250
 WT6x60		6.560	0.710	12.320	1.105
 WT6x53		6.445	0.610	12.220	0.990
 WT6x48		6.355	0.550	12.160	0.900
 WT6x43.5	6.265	0.515	12.125	0.810
 WT6x39.5	6.190	0.470	12.080	0.735
 WT6x36		6.125	0.430	12.040	0.670
 WT6x32.5	6.060	0.390	12.000	0.605
 WT6x29		6.095	0.360	10.010	0.640
 WT6x26.5	6.030	0.345	9.995	0.575
 WT6x25		6.095	0.370	8.080	0.640
 WT6x22.5	6.030	0.335	8.045	0.575
 WT6x20		5.970	0.295	8.005	0.515
 WT6x17.5	6.250	0.300	6.560	0.520
 WT6x15		6.170	0.260	6.520	0.440
 WT6x13		6.110	0.230	6.490	0.380
 WT6x11		6.155	0.260	4.030	0.425
 WT6x9.5	6.080	0.235	4.005	0.350
 WT6x8		5.995	0.220	3.990	0.265
 WT6x7		5.955	0.200	3.970	0.225
 WT5x56		5.680	0.755	10.415	1.250
 WT5x50		5.550	0.680	10.340	1.120
 WT5x44		5.420	0.605	10.265	0.990
 WT5x38.5	5.300	0.530	10.190	0.870
 WT5x34		5.200	0.470	10.130	0.770
 WT5x30		5.110	0.420	10.080	0.680
 WT5x27		5.045	0.370	10.030	0.615
 WT5x24.5	4.990	0.340	10.000	0.560
 WT5x22.5	5.050	0.350	8.020	0.620
 WT5x19.5	4.960	0.315	7.985	0.530
 WT5x16.5	4.865	0.290	7.960	0.435
 WT5x15		5.235	0.300	5.810	0.510
 WT5x13		5.165	0.260	5.770	0.440
 WT5x11		5.085	0.240	5.750	0.360
 WT5x9.5	5.120	0.250	4.020	0.395
 WT5x8.5	5.055	0.240	4.010	0.330
 WT5x7.5	4.995	0.230	4.000	0.270
 WT5x6		4.935	0.190	3.960	0.210
 WT4x33.5	4.500	0.570	8.280	0.935
 WT4x29		4.375	0.510	8.220	0.810
 WT4x24		4.250	0.400	8.110	0.685
 WT4x20		4.125	0.360	8.070	0.560
 WT4x17.5	4.060	0.310	8.020	0.495
 WT4x15.5	4.000	0.285	7.995	0.435
 WT4x14		4.030	0.285	6.535	0.465
 WT4x12		3.965	0.245	6.495	0.400
 WT4x10.5	4.140	0.250	5.270	0.400
 WT4x9		4.070	0.230	5.250	0.330
 WT4x7.5	4.055	0.245	4.015	0.315
 WT4x6.5	3.995	0.230	4.000	0.255
 WT4x5		3.945	0.170	3.940	0.205
 WT3x12.5	3.190	0.260	6.080	0.455
 WT3x10		3.100	0.230	6.020	0.365
 WT3x7.5	2.995	0.170	5.990	0.260
 WT3x8		3.140	0.270	4.030	0.405
 WT3x6		3.015	0.240	4.000	0.280
 WT3x4.5	2.950	0.280	3.940	0.215
 WT2.5x9.5	2.575	0.270	5.030	0.430
 WT2.5x8	2.505	0.240	5.000	0.360
 WT2x6.5	2.080	0.280	4.060	0.345
 MT7x9		7.000	0.215	4.000	0.270
 MT6x5.9	6.000	0.177	3.065	0.225
 MT5x4.5	5.000	0.157	2.690	0.206
 MT4x3.3	4.000	0.135	2.281	0.189
 MT3x10		3.000	0.250	5.938	0.379
 MT2.5x9.4	2.500	0.316	5.003	0.416
 MT2x6.5	2.000	0.254	3.940	0.371
 ST12x60	12.250	0.798	8.050	0.798
 ST12x53	12.250	0.625	7.870	0.625
 ST12x50	12.000	0.747	7.245	0.747
 ST12x45	12.000	0.624	7.125	0.624
 ST12x40	12.000	0.500	7.000	0.500
 ST10x48	10.150	0.800	7.200	0.800
 ST10x43	10.150	0.653	7.060	0.653
 ST10x37.5	10.000	0.614	6.385	0.614
 ST10x33	10.000	0.500	6.255	0.500
 ST9x35		9.000	0.711	6.251	0.711
 ST9x27.4	9.000	0.460	6.001	0.460
 ST7.5x25	7.500	0.550	5.640	0.550
 ST7.5x21.4	7.500	0.410	5.500	0.410
 ST6x25		6.000	0.687	5.477	0.687
 ST6x20.4	6.000	0.460	5.252	0.460
 ST6x17.5	6.000	0.428	5.078	0.428
 ST6x15.9	6.000	0.350	5.000	0.350
 ST5x17.5	5.000	0.594	4.944	0.594
 ST5x12.7	5.000	0.310	4.661	0.310
 ST4x11.5	4.000	0.441	4.171	0.441
 ST4x9.2	4.000	0.270	4.001	0.270
 ST3.5x10	3.500	0.450	3.860	0.450
 ST3.5x7.7	3.500	0.250	3.662	0.250
 ST3x8.6	3.000	0.465	3.565	0.465
 ST3x6.3	3.000	0.230	3.330	0.230
 ST2.5x7.4	2.500	0.494	3.284	0.494
 ST2.5x5	2.500	0.210	3.000	0.210
 ST2x4.8	2.000	0.326	2.796	0.326
 ST2x3.9	2.000	0.190	2.660	0.190
 ST1.5x3.8	1.500	0.349	2.509	0.349
 ST1.5x2.9	1.500	0.170	2.330	0.170
 HPT7x58.5	7.105	0.805	14.885	0.805
 HPT7x51	7.005	0.705	14.785	0.705
 HPT7x44.5	6.915	0.615	14.695	0.615
 HPT7x36.5	6.805	0.505	14.585	0.505
 HPT6.5x50	6.575	0.765	13.205	0.765
 HPT6.5x43.5	6.475	0.665	13.105	0.665
 HPT6.5x36.5	6.375	0.565	13.005	0.565
 HPT6.5x30	6.270	0.460	12.900	0.460
 HPT6x42	6.140	0.685	12.295	0.685
 HPT6x37	6.065	0.605	12.215	0.605
 HPT6x31.5	5.970	0.515	12.125	0.515
 HPT6x26.5	5.890	0.435	12.045	0.435
 HPT5x28.5	4.995	0.565	10.225	0.565
 HPT5x21	4.850	0.415	10.075	0.415
 HPT4x18	4.010	0.445	8.155	0.445
