0|0.5|0.5|89.900002|90.099998||TEE|
0|0.75|0.75|89.900002|90.099998||TEE|
0|0.75|0.5|89.900002|90.099998||REDTEE|
0|1.0|0.5|89.900002|90.099998||REDTEE|
0|1.0|0.75|89.900002|90.099998||REDTEE|
0|1.0|1.0|89.900002|90.099998||TEE|
0|1.5|0.5|89.900002|90.099998||REDTEE|
0|1.5|0.75|89.900002|90.099998||REDTEE|
0|1.5|1.0|89.900002|90.099998||REDTEE|
0|1.5|1.5|89.900002|90.099998||TEE|
0|2.0|0.5|89.900002|90.099998||SOLET|
0|2.0|0.75|89.900002|90.099998||SOLET|
0|2.0|1.0|89.900002|90.099998||SOLET|
0|2.0|1.5|89.900002|90.099998||SOLET|
0|2.0|2.0|89.900002|90.099998||TEE|
0|3.0|0.5|89.900002|90.099998||SOLET|
0|3.0|0.75|89.900002|90.099998||SOLET|
0|3.0|1.0|89.900002|90.099998||SOLET|
0|3.0|1.5|89.900002|90.099998||SOLET|
0|3.0|2.0|89.900002|90.099998||WOLET|
0|3.0|3.0|89.900002|90.099998||TEE|
0|4.0|0.5|89.900002|90.099998||SOLET|
0|4.0|0.75|89.900002|90.099998||SOLET|
0|4.0|1.0|89.900002|90.099998||SOLET|
0|4.0|1.5|89.900002|90.099998||SOLET|
0|4.0|2.0|89.900002|90.099998||WOLET|
0|4.0|3.0|89.900002|90.099998||WOLET|
0|4.0|4.0|89.900002|90.099998||TEE|
0|6.0|0.5|89.900002|90.099998||SOLET|
0|6.0|0.75|89.900002|90.099998||SOLET|
0|6.0|1.0|89.900002|90.099998||SOLET|
0|6.0|1.5|89.900002|90.099998||SOLET|
0|6.0|2.0|89.900002|90.099998||WOLET|
0|6.0|3.0|89.900002|90.099998||WOLET|
0|6.0|4.0|89.900002|90.099998||WOLET|
0|6.0|6.0|89.900002|90.099998||TEE|
0|8.0|0.5|89.900002|90.099998||SOLET|
0|8.0|0.75|89.900002|90.099998||SOLET|
0|8.0|1.0|89.900002|90.099998||SOLET|
0|8.0|1.5|89.900002|90.099998||SOLET|
0|8.0|2.0|89.900002|90.099998||WOLET|
0|8.0|3.0|89.900002|90.099998||WOLET|
0|8.0|4.0|89.900002|90.099998||WOLET|
0|8.0|6.0|89.900002|90.099998||WOLET|
0|8.0|8.0|89.900002|90.099998||TEE|
0|10.0|0.5|89.900002|90.099998||SOLET|
0|10.0|0.75|89.900002|90.099998||SOLET|
0|10.0|1.0|89.900002|90.099998||SOLET|
0|10.0|1.5|89.900002|90.099998||SOLET|
0|10.0|2.0|89.900002|90.099998||WOLET|
0|10.0|3.0|89.900002|90.099998||WOLET|
0|10.0|4.0|89.900002|90.099998||WOLET|
0|10.0|6.0|89.900002|90.099998||RWELD|
0|10.0|8.0|89.900002|90.099998||RWELD|
0|10.0|10.0|89.900002|90.099998||TEE|
0|12.0|0.5|89.900002|90.099998||SOLET|
0|12.0|0.75|89.900002|90.099998||SOLET|
0|12.0|1.0|89.900002|90.099998||SOLET|
0|12.0|1.5|89.900002|90.099998||SOLET|
0|12.0|2.0|89.900002|90.099998||WOLET|
0|12.0|3.0|89.900002|90.099998||WOLET|
0|12.0|4.0|89.900002|90.099998||WOLET|
0|12.0|6.0|89.900002|90.099998||RWELD|
0|12.0|8.0|89.900002|90.099998||RWELD|
0|12.0|10.0|89.900002|90.099998||RWELD|
0|12.0|12.0|89.900002|90.099998||TEE|
0|14.0|0.5|89.900002|90.099998||SOLET|
0|14.0|0.75|89.900002|90.099998||SOLET|
0|14.0|1.0|89.900002|90.099998||SOLET|
0|14.0|1.5|89.900002|90.099998||SOLET|
0|14.0|2.0|89.900002|90.099998||WOLET|
0|14.0|3.0|89.900002|90.099998||WOLET|
0|14.0|4.0|89.900002|90.099998||WOLET|
0|14.0|6.0|89.900002|90.099998||RWELD|
0|14.0|8.0|89.900002|90.099998||RWELD|
0|14.0|10.0|89.900002|90.099998||RWELD|
0|14.0|12.0|89.900002|90.099998||RWELD|
0|14.0|14.0|89.900002|90.099998||TEE|
0|16.0|0.5|89.900002|90.099998||SOLET|
0|16.0|0.75|89.900002|90.099998||SOLET|
0|16.0|1.0|89.900002|90.099998||SOLET|
0|16.0|1.5|89.900002|90.099998||SOLET|
0|16.0|2.0|89.900002|90.099998||WOLET|
0|16.0|3.0|89.900002|90.099998||WOLET|
0|16.0|4.0|89.900002|90.099998||WOLET|
0|16.0|6.0|89.900002|90.099998||RWELD|
0|16.0|8.0|89.900002|90.099998||RWELD|
0|16.0|10.0|89.900002|90.099998||RWELD|
0|16.0|12.0|89.900002|90.099998||RWELD|
0|16.0|14.0|89.900002|90.099998||RWELD|
0|16.0|16.0|89.900002|90.099998||TEE|
0|18.0|0.5|89.900002|90.099998||SOLET|
0|18.0|0.75|89.900002|90.099998||SOLET|
0|18.0|1.0|89.900002|90.099998||SOLET|
0|18.0|1.5|89.900002|90.099998||SOLET|
0|18.0|2.0|89.900002|90.099998||WOLET|
0|18.0|3.0|89.900002|90.099998||WOLET|
0|18.0|4.0|89.900002|90.099998||WOLET|
0|18.0|6.0|89.900002|90.099998||RWELD|
0|18.0|8.0|89.900002|90.099998||RWELD|
0|18.0|10.0|89.900002|90.099998||RWELD|
0|18.0|12.0|89.900002|90.099998||RWELD|
0|18.0|14.0|89.900002|90.099998||RWELD|
0|18.0|16.0|89.900002|90.099998||RWELD|
0|18.0|18.0|89.900002|90.099998||TEE|
0|20.0|0.5|89.900002|90.099998||SOLET|
0|20.0|0.75|89.900002|90.099998||SOLET|
0|20.0|1.0|89.900002|90.099998||SOLET|
0|20.0|1.5|89.900002|90.099998||SOLET|
0|20.0|2.0|89.900002|90.099998||WOLET|
0|20.0|3.0|89.900002|90.099998||WOLET|
0|20.0|4.0|89.900002|90.099998||WOLET|
0|20.0|6.0|89.900002|90.099998||RWELD|
0|20.0|8.0|89.900002|90.099998||RWELD|
0|20.0|10.0|89.900002|90.099998||RWELD|
0|20.0|12.0|89.900002|90.099998||RWELD|
0|20.0|14.0|89.900002|90.099998||RWELD|
0|20.0|16.0|89.900002|90.099998||RWELD|
0|20.0|18.0|89.900002|90.099998||RWELD|
0|20.0|20.0|89.900002|90.099998||TEE|
0|24.0|0.5|89.900002|90.099998||SOLET|
0|24.0|0.75|89.900002|90.099998||SOLET|
0|24.0|1.0|89.900002|90.099998||SOLET|
0|24.0|1.5|89.900002|90.099998||SOLET|
0|24.0|2.0|89.900002|90.099998||WOLET|
0|24.0|3.0|89.900002|90.099998||WOLET|
0|24.0|4.0|89.900002|90.099998||WOLET|
0|24.0|6.0|89.900002|90.099998||WOLET|
0|24.0|8.0|89.900002|90.099998||WOLET|
0|24.0|10.0|89.900002|90.099998||RPAD|
0|24.0|12.0|89.900002|90.099998||RPAD|
0|24.0|14.0|89.900002|90.099998||RPAD|
0|24.0|16.0|89.900002|90.099998||RPAD|
0|24.0|18.0|89.900002|90.099998||RPAD|
0|24.0|20.0|89.900002|90.099998||RPAD|
0|24.0|24.0|89.900002|90.099998||TEE|
0|26.0|0.5|89.900002|90.099998||SOLET|
0|26.0|0.75|89.900002|90.099998||SOLET|
0|26.0|1.0|89.900002|90.099998||SOLET|
0|26.0|1.5|89.900002|90.099998||SOLET|
0|26.0|2.0|89.900002|90.099998||WOLET|
0|26.0|3.0|89.900002|90.099998||WOLET|
0|26.0|4.0|89.900002|90.099998||WOLET|
0|26.0|6.0|89.900002|90.099998||WOLET|
0|26.0|8.0|89.900002|90.099998||WOLET|
0|26.0|10.0|89.900002|90.099998||WOLET|
0|26.0|12.0|89.900002|90.099998||WOLET|
0|26.0|14.0|89.900002|90.099998||WOLET|
0|26.0|16.0|89.900002|90.099998||WOLET|
0|26.0|18.0|89.900002|90.099998||WOLET|
0|26.0|20.0|89.900002|90.099998||WOLET|
0|26.0|24.0|89.900002|90.099998||WOLET|
0|26.0|26.0|89.900002|90.099998||TEE|
0|28.0|0.5|89.900002|90.099998||SOLET|
0|28.0|0.75|89.900002|90.099998||SOLET|
0|28.0|1.0|89.900002|90.099998||SOLET|
0|28.0|1.5|89.900002|90.099998||SOLET|
0|28.0|2.0|89.900002|90.099998||WOLET|
0|28.0|3.0|89.900002|90.099998||WOLET|
0|28.0|4.0|89.900002|90.099998||WOLET|
0|28.0|6.0|89.900002|90.099998||WOLET|
0|28.0|8.0|89.900002|90.099998||WOLET|
0|28.0|10.0|89.900002|90.099998||WOLET|
0|28.0|12.0|89.900002|90.099998||WOLET|
0|28.0|14.0|89.900002|90.099998||WOLET|
0|28.0|16.0|89.900002|90.099998||WOLET|
0|28.0|18.0|89.900002|90.099998||WOLET|
0|28.0|20.0|89.900002|90.099998||WOLET|
0|28.0|24.0|89.900002|90.099998||WOLET|
0|28.0|26.0|89.900002|90.099998||WOLET|
0|28.0|28.0|89.900002|90.099998||TEE|
0|30.0|0.5|89.900002|90.099998||SOLET|
0|30.0|0.75|89.900002|90.099998||SOLET|
0|30.0|1.0|89.900002|90.099998||SOLET|
0|30.0|1.5|89.900002|90.099998||SOLET|
0|30.0|2.0|89.900002|90.099998||WOLET|
0|30.0|3.0|89.900002|90.099998||WOLET|
0|30.0|4.0|89.900002|90.099998||WOLET|
0|30.0|6.0|89.900002|90.099998||WOLET|
0|30.0|8.0|89.900002|90.099998||WOLET|
0|30.0|10.0|89.900002|90.099998||WOLET|
0|30.0|12.0|89.900002|90.099998||WOLET|
0|30.0|14.0|89.900002|90.099998||WOLET|
0|30.0|16.0|89.900002|90.099998||WOLET|
0|30.0|18.0|89.900002|90.099998||WOLET|
0|30.0|20.0|89.900002|90.099998||WOLET|
0|30.0|24.0|89.900002|90.099998||WOLET|
0|30.0|26.0|89.900002|90.099998||WOLET|
0|30.0|28.0|89.900002|90.099998||WOLET|
0|30.0|30.0|89.900002|90.099998||TEE|
0|32.0|0.5|89.900002|90.099998||SOLET|
0|32.0|0.75|89.900002|90.099998||SOLET|
0|32.0|1.0|89.900002|90.099998||SOLET|
0|32.0|1.5|89.900002|90.099998||SOLET|
0|32.0|2.0|89.900002|90.099998||WOLET|
0|32.0|3.0|89.900002|90.099998||WOLET|
0|32.0|4.0|89.900002|90.099998||WOLET|
0|32.0|6.0|89.900002|90.099998||WOLET|
0|32.0|8.0|89.900002|90.099998||WOLET|
0|32.0|10.0|89.900002|90.099998||WOLET|
0|32.0|12.0|89.900002|90.099998||WOLET|
0|32.0|14.0|89.900002|90.099998||WOLET|
0|32.0|16.0|89.900002|90.099998||WOLET|
0|32.0|18.0|89.900002|90.099998||WOLET|
0|32.0|20.0|89.900002|90.099998||WOLET|
0|32.0|24.0|89.900002|90.099998||WOLET|
0|32.0|26.0|89.900002|90.099998||WOLET|
0|32.0|28.0|89.900002|90.099998||WOLET|
0|32.0|30.0|89.900002|90.099998||WOLET|
0|32.0|32.0|89.900002|90.099998||TEE|
0|34.0|0.5|89.900002|90.099998||SOLET|
0|34.0|0.75|89.900002|90.099998||SOLET|
0|34.0|1.0|89.900002|90.099998||SOLET|
0|34.0|1.5|89.900002|90.099998||SOLET|
0|34.0|2.0|89.900002|90.099998||WOLET|
0|34.0|3.0|89.900002|90.099998||WOLET|
0|34.0|4.0|89.900002|90.099998||WOLET|
0|34.0|6.0|89.900002|90.099998||WOLET|
0|34.0|8.0|89.900002|90.099998||WOLET|
0|34.0|10.0|89.900002|90.099998||WOLET|
0|34.0|12.0|89.900002|90.099998||WOLET|
0|34.0|14.0|89.900002|90.099998||WOLET|
0|34.0|16.0|89.900002|90.099998||WOLET|
0|34.0|18.0|89.900002|90.099998||WOLET|
0|34.0|20.0|89.900002|90.099998||WOLET|
0|34.0|24.0|89.900002|90.099998||WOLET|
0|34.0|26.0|89.900002|90.099998||WOLET|
0|34.0|28.0|89.900002|90.099998||WOLET|
0|34.0|30.0|89.900002|90.099998||WOLET|
0|34.0|32.0|89.900002|90.099998||WOLET|
0|34.0|34.0|89.900002|90.099998||TEE|
0|36.0|0.5|89.900002|90.099998||SOLET|
0|36.0|0.75|89.900002|90.099998||SOLET|
0|36.0|1.0|89.900002|90.099998||SOLET|
0|36.0|1.5|89.900002|90.099998||SOLET|
0|36.0|2.0|89.900002|90.099998||WOLET|
0|36.0|3.0|89.900002|90.099998||WOLET|
0|36.0|4.0|89.900002|90.099998||WOLET|
0|36.0|6.0|89.900002|90.099998||WOLET|
0|36.0|8.0|89.900002|90.099998||WOLET|
0|36.0|10.0|89.900002|90.099998||WOLET|
0|36.0|12.0|89.900002|90.099998||WOLET|
0|36.0|14.0|89.900002|90.099998||WOLET|
0|36.0|16.0|89.900002|90.099998||WOLET|
0|36.0|18.0|89.900002|90.099998||WOLET|
0|36.0|20.0|89.900002|90.099998||WOLET|
0|36.0|24.0|89.900002|90.099998||WOLET|
0|36.0|26.0|89.900002|90.099998||WOLET|
0|36.0|28.0|89.900002|90.099998||WOLET|
0|36.0|30.0|89.900002|90.099998||WOLET|
0|36.0|32.0|89.900002|90.099998||WOLET|
0|36.0|34.0|89.900002|90.099998||WOLET|
0|36.0|36.0|89.900002|90.099998||TEE|
0|36.0|36.0|89.900002|90.099998||TEE|
1|0.5|0.5|89.900002|90.099998||TEE|
1|0.75|0.75|89.900002|90.099998||TEE|
1|0.75|0.5|89.900002|90.099998||REDTEE|
1|1.0|0.5|89.900002|90.099998||REDTEE|
1|1.0|0.75|89.900002|90.099998||REDTEE|
1|1.0|1.0|89.900002|90.099998||TEE|
1|1.5|0.5|89.900002|90.099998||REDTEE|
1|1.5|0.75|89.900002|90.099998||REDTEE|
1|1.5|1.0|89.900002|90.099998||REDTEE|
1|1.5|1.5|89.900002|90.099998||TEE|
1|2.0|0.5|89.900002|90.099998||SOLET|
1|2.0|0.75|89.900002|90.099998||SOLET|
1|2.0|1.0|89.900002|90.099998||SOLET|
1|2.0|1.5|89.900002|90.099998||SOLET|
1|2.0|2.0|89.900002|90.099998||TEE|
1|3.0|0.5|89.900002|90.099998||SOLET|
1|3.0|0.75|89.900002|90.099998||SOLET|
1|3.0|1.0|89.900002|90.099998||SOLET|
1|3.0|1.5|89.900002|90.099998||SOLET|
1|3.0|2.0|89.900002|90.099998||WOLET|
1|3.0|3.0|89.900002|90.099998||TEE|
1|4.0|0.5|89.900002|90.099998||SOLET|
1|4.0|0.75|89.900002|90.099998||SOLET|
1|4.0|1.0|89.900002|90.099998||SOLET|
1|4.0|1.5|89.900002|90.099998||SOLET|
1|4.0|2.0|89.900002|90.099998||WOLET|
1|4.0|3.0|89.900002|90.099998||WOLET|
1|4.0|4.0|89.900002|90.099998||TEE|
1|6.0|0.5|89.900002|90.099998||SOLET|
1|6.0|0.75|89.900002|90.099998||SOLET|
1|6.0|1.0|89.900002|90.099998||SOLET|
1|6.0|1.5|89.900002|90.099998||SOLET|
1|6.0|2.0|89.900002|90.099998||WOLET|
1|6.0|3.0|89.900002|90.099998||WOLET|
1|6.0|4.0|89.900002|90.099998||WOLET|
1|6.0|6.0|89.900002|90.099998||TEE|
1|8.0|0.5|89.900002|90.099998||SOLET|
1|8.0|0.75|89.900002|90.099998||SOLET|
1|8.0|1.0|89.900002|90.099998||SOLET|
1|8.0|1.5|89.900002|90.099998||SOLET|
1|8.0|2.0|89.900002|90.099998||WOLET|
1|8.0|3.0|89.900002|90.099998||WOLET|
1|8.0|4.0|89.900002|90.099998||WOLET|
1|8.0|6.0|89.900002|90.099998||WOLET|
1|8.0|8.0|89.900002|90.099998||TEE|
1|10.0|0.5|89.900002|90.099998||SOLET|
1|10.0|0.75|89.900002|90.099998||SOLET|
1|10.0|1.0|89.900002|90.099998||SOLET|
1|10.0|1.5|89.900002|90.099998||SOLET|
1|10.0|2.0|89.900002|90.099998||WOLET|
1|10.0|3.0|89.900002|90.099998||WOLET|
1|10.0|4.0|89.900002|90.099998||WOLET|
1|10.0|6.0|89.900002|90.099998||WOLET|
1|10.0|8.0|89.900002|90.099998||WOLET|
1|10.0|10.0|89.900002|90.099998||TEE|
1|12.0|0.5|89.900002|90.099998||SOLET|
1|12.0|0.75|89.900002|90.099998||SOLET|
1|12.0|1.0|89.900002|90.099998||SOLET|
1|12.0|1.5|89.900002|90.099998||SOLET|
1|12.0|2.0|89.900002|90.099998||WOLET|
1|12.0|3.0|89.900002|90.099998||WOLET|
1|12.0|4.0|89.900002|90.099998||WOLET|
1|12.0|6.0|89.900002|90.099998||WOLET|
1|12.0|8.0|89.900002|90.099998||WOLET|
1|12.0|10.0|89.900002|90.099998||WOLET|
1|12.0|12.0|89.900002|90.099998||TEE|
1|14.0|0.5|89.900002|90.099998||SOLET|
1|14.0|0.75|89.900002|90.099998||SOLET|
1|14.0|1.0|89.900002|90.099998||SOLET|
1|14.0|1.5|89.900002|90.099998||SOLET|
1|14.0|2.0|89.900002|90.099998||WOLET|
1|14.0|3.0|89.900002|90.099998||WOLET|
1|14.0|4.0|89.900002|90.099998||WOLET|
1|14.0|6.0|89.900002|90.099998||WOLET|
1|14.0|8.0|89.900002|90.099998||WOLET|
1|14.0|10.0|89.900002|90.099998||WOLET|
1|14.0|12.0|89.900002|90.099998||WOLET|
1|14.0|14.0|89.900002|90.099998||TEE|
1|16.0|0.5|89.900002|90.099998||SOLET|
1|16.0|0.75|89.900002|90.099998||SOLET|
1|16.0|1.0|89.900002|90.099998||SOLET|
1|16.0|1.5|89.900002|90.099998||SOLET|
1|16.0|2.0|89.900002|90.099998||WOLET|
1|16.0|3.0|89.900002|90.099998||WOLET|
1|16.0|4.0|89.900002|90.099998||WOLET|
1|16.0|6.0|89.900002|90.099998||WOLET|
1|16.0|8.0|89.900002|90.099998||WOLET|
1|16.0|10.0|89.900002|90.099998||WOLET|
1|16.0|12.0|89.900002|90.099998||WOLET|
1|16.0|14.0|89.900002|90.099998||WOLET|
1|16.0|16.0|89.900002|90.099998||TEE|
1|18.0|0.5|89.900002|90.099998||SOLET|
1|18.0|0.75|89.900002|90.099998||SOLET|
1|18.0|1.0|89.900002|90.099998||SOLET|
1|18.0|1.5|89.900002|90.099998||SOLET|
1|18.0|2.0|89.900002|90.099998||WOLET|
1|18.0|3.0|89.900002|90.099998||WOLET|
1|18.0|4.0|89.900002|90.099998||WOLET|
1|18.0|6.0|89.900002|90.099998||WOLET|
1|18.0|8.0|89.900002|90.099998||WOLET|
1|18.0|10.0|89.900002|90.099998||WOLET|
1|18.0|12.0|89.900002|90.099998||WOLET|
1|18.0|14.0|89.900002|90.099998||WOLET|
1|18.0|16.0|89.900002|90.099998||WOLET|
1|18.0|18.0|89.900002|90.099998||TEE|
1|20.0|0.5|89.900002|90.099998||SOLET|
1|20.0|0.75|89.900002|90.099998||SOLET|
1|20.0|1.0|89.900002|90.099998||SOLET|
1|20.0|1.5|89.900002|90.099998||SOLET|
1|20.0|2.0|89.900002|90.099998||WOLET|
1|20.0|3.0|89.900002|90.099998||WOLET|
1|20.0|4.0|89.900002|90.099998||WOLET|
1|20.0|6.0|89.900002|90.099998||WOLET|
1|20.0|8.0|89.900002|90.099998||WOLET|
1|20.0|10.0|89.900002|90.099998||WOLET|
1|20.0|12.0|89.900002|90.099998||WOLET|
1|20.0|14.0|89.900002|90.099998||WOLET|
1|20.0|16.0|89.900002|90.099998||WOLET|
1|20.0|18.0|89.900002|90.099998||WOLET|
1|20.0|20.0|89.900002|90.099998||TEE|
1|24.0|0.5|89.900002|90.099998||SOLET|
1|24.0|0.75|89.900002|90.099998||SOLET|
1|24.0|1.0|89.900002|90.099998||SOLET|
1|24.0|1.5|89.900002|90.099998||SOLET|
1|24.0|2.0|89.900002|90.099998||WOLET|
1|24.0|3.0|89.900002|90.099998||WOLET|
1|24.0|4.0|89.900002|90.099998||WOLET|
1|24.0|6.0|89.900002|90.099998||WOLET|
1|24.0|8.0|89.900002|90.099998||WOLET|
1|24.0|10.0|89.900002|90.099998||WOLET|
1|24.0|12.0|89.900002|90.099998||WOLET|
1|24.0|14.0|89.900002|90.099998||WOLET|
1|24.0|16.0|89.900002|90.099998||WOLET|
1|24.0|18.0|89.900002|90.099998||WOLET|
1|24.0|20.0|89.900002|90.099998||WOLET|
1|24.0|24.0|89.900002|90.099998||TEE|
1|26.0|0.5|89.900002|90.099998||SOLET|
1|26.0|0.75|89.900002|90.099998||SOLET|
1|26.0|1.0|89.900002|90.099998||SOLET|
1|26.0|1.5|89.900002|90.099998||SOLET|
1|26.0|2.0|89.900002|90.099998||WOLET|
1|26.0|3.0|89.900002|90.099998||WOLET|
1|26.0|4.0|89.900002|90.099998||WOLET|
1|26.0|6.0|89.900002|90.099998||WOLET|
1|26.0|8.0|89.900002|90.099998||WOLET|
1|26.0|10.0|89.900002|90.099998||WOLET|
1|26.0|12.0|89.900002|90.099998||WOLET|
1|26.0|14.0|89.900002|90.099998||WOLET|
1|26.0|16.0|89.900002|90.099998||WOLET|
1|26.0|18.0|89.900002|90.099998||WOLET|
1|26.0|20.0|89.900002|90.099998||WOLET|
1|26.0|24.0|89.900002|90.099998||WOLET|
1|26.0|26.0|89.900002|90.099998||TEE|
1|28.0|0.5|89.900002|90.099998||SOLET|
1|28.0|0.75|89.900002|90.099998||SOLET|
1|28.0|1.0|89.900002|90.099998||SOLET|
1|28.0|1.5|89.900002|90.099998||SOLET|
1|28.0|2.0|89.900002|90.099998||WOLET|
1|28.0|3.0|89.900002|90.099998||WOLET|
1|28.0|4.0|89.900002|90.099998||WOLET|
1|28.0|6.0|89.900002|90.099998||WOLET|
1|28.0|8.0|89.900002|90.099998||WOLET|
1|28.0|10.0|89.900002|90.099998||WOLET|
1|28.0|12.0|89.900002|90.099998||WOLET|
1|28.0|14.0|89.900002|90.099998||WOLET|
1|28.0|16.0|89.900002|90.099998||WOLET|
1|28.0|18.0|89.900002|90.099998||WOLET|
1|28.0|20.0|89.900002|90.099998||WOLET|
1|28.0|24.0|89.900002|90.099998||WOLET|
1|28.0|26.0|89.900002|90.099998||WOLET|
1|28.0|28.0|89.900002|90.099998||TEE|
1|30.0|0.5|89.900002|90.099998||SOLET|
1|30.0|0.75|89.900002|90.099998||SOLET|
1|30.0|1.0|89.900002|90.099998||SOLET|
1|30.0|1.5|89.900002|90.099998||SOLET|
1|30.0|2.0|89.900002|90.099998||WOLET|
1|30.0|3.0|89.900002|90.099998||WOLET|
1|30.0|4.0|89.900002|90.099998||WOLET|
1|30.0|6.0|89.900002|90.099998||WOLET|
1|30.0|8.0|89.900002|90.099998||WOLET|
1|30.0|10.0|89.900002|90.099998||WOLET|
1|30.0|12.0|89.900002|90.099998||WOLET|
1|30.0|14.0|89.900002|90.099998||WOLET|
1|30.0|16.0|89.900002|90.099998||WOLET|
1|30.0|18.0|89.900002|90.099998||WOLET|
1|30.0|20.0|89.900002|90.099998||WOLET|
1|30.0|24.0|89.900002|90.099998||WOLET|
1|30.0|26.0|89.900002|90.099998||WOLET|
1|30.0|28.0|89.900002|90.099998||WOLET|
1|30.0|30.0|89.900002|90.099998||TEE|
1|32.0|0.5|89.900002|90.099998||SOLET|
1|32.0|0.75|89.900002|90.099998||SOLET|
1|32.0|1.0|89.900002|90.099998||SOLET|
1|32.0|1.5|89.900002|90.099998||SOLET|
1|32.0|2.0|89.900002|90.099998||WOLET|
1|32.0|3.0|89.900002|90.099998||WOLET|
1|32.0|4.0|89.900002|90.099998||WOLET|
1|32.0|6.0|89.900002|90.099998||WOLET|
1|32.0|8.0|89.900002|90.099998||WOLET|
1|32.0|10.0|89.900002|90.099998||WOLET|
1|32.0|12.0|89.900002|90.099998||WOLET|
1|32.0|14.0|89.900002|90.099998||WOLET|
1|32.0|16.0|89.900002|90.099998||WOLET|
1|32.0|18.0|89.900002|90.099998||WOLET|
1|32.0|20.0|89.900002|90.099998||WOLET|
1|32.0|24.0|89.900002|90.099998||WOLET|
1|32.0|26.0|89.900002|90.099998||WOLET|
1|32.0|28.0|89.900002|90.099998||WOLET|
1|32.0|30.0|89.900002|90.099998||WOLET|
1|32.0|32.0|89.900002|90.099998||TEE|
1|34.0|0.5|89.900002|90.099998||SOLET|
1|34.0|0.75|89.900002|90.099998||SOLET|
1|34.0|1.0|89.900002|90.099998||SOLET|
1|34.0|1.5|89.900002|90.099998||SOLET|
1|34.0|2.0|89.900002|90.099998||WOLET|
1|34.0|3.0|89.900002|90.099998||WOLET|
1|34.0|4.0|89.900002|90.099998||WOLET|
1|34.0|6.0|89.900002|90.099998||WOLET|
1|34.0|8.0|89.900002|90.099998||WOLET|
1|34.0|10.0|89.900002|90.099998||WOLET|
1|34.0|12.0|89.900002|90.099998||WOLET|
1|34.0|14.0|89.900002|90.099998||WOLET|
1|34.0|16.0|89.900002|90.099998||WOLET|
1|34.0|18.0|89.900002|90.099998||WOLET|
1|34.0|20.0|89.900002|90.099998||WOLET|
1|34.0|24.0|89.900002|90.099998||WOLET|
1|34.0|26.0|89.900002|90.099998||WOLET|
1|34.0|28.0|89.900002|90.099998||WOLET|
1|34.0|30.0|89.900002|90.099998||WOLET|
1|34.0|32.0|89.900002|90.099998||WOLET|
1|34.0|34.0|89.900002|90.099998||TEE|
1|36.0|0.5|89.900002|90.099998||SOLET|
1|36.0|0.75|89.900002|90.099998||SOLET|
1|36.0|1.0|89.900002|90.099998||SOLET|
1|36.0|1.5|89.900002|90.099998||SOLET|
1|36.0|2.0|89.900002|90.099998||WOLET|
1|36.0|3.0|89.900002|90.099998||WOLET|
1|36.0|4.0|89.900002|90.099998||WOLET|
1|36.0|6.0|89.900002|90.099998||WOLET|
1|36.0|8.0|89.900002|90.099998||WOLET|
1|36.0|10.0|89.900002|90.099998||WOLET|
1|36.0|12.0|89.900002|90.099998||WOLET|
1|36.0|14.0|89.900002|90.099998||WOLET|
1|36.0|16.0|89.900002|90.099998||WOLET|
1|36.0|18.0|89.900002|90.099998||WOLET|
1|36.0|20.0|89.900002|90.099998||WOLET|
1|36.0|24.0|89.900002|90.099998||WOLET|
1|36.0|26.0|89.900002|90.099998||WOLET|
1|36.0|28.0|89.900002|90.099998||WOLET|
1|36.0|30.0|89.900002|90.099998||WOLET|
1|36.0|32.0|89.900002|90.099998||WOLET|
1|36.0|34.0|89.900002|90.099998||WOLET|
1|36.0|36.0|89.900002|90.099998||TEE|
3|4.0|2.0|44.900002|45.099998||LOLET|
3|4.0|3.0|44.900002|45.099998||LOLET|
3|6.0|2.0|44.900002|45.099998||LOLET|
3|6.0|3.0|44.900002|45.099998||LOLET|
3|6.0|4.0|44.900002|45.099998||LOLET|
3|8.0|2.0|44.900002|45.099998||LOLET|
3|8.0|3.0|44.900002|45.099998||LOLET|
3|8.0|4.0|44.900002|45.099998||LOLET|
3|8.0|6.0|44.900002|45.099998||LOLET|
3|8.0|6.0|44.900002|45.099998||LOLET|
3|1.0|1.0|89.900002|90.099998||TEE|
3|1.5|1.5|89.900002|90.099998||TEE|
3|2.0|1.0|89.900002|90.099998||SOLET|
3|2.0|1.5|89.900002|90.099998||SOLET|
3|2.0|2.0|89.900002|90.099998||TEE|
3|3.0|1.0|89.900002|90.099998||SOLET|
3|3.0|1.5|89.900002|90.099998||SOLET|
3|3.0|2.0|89.900002|90.099998||WOLET|
3|3.0|3.0|89.900002|90.099998||TEE|
3|4.0|1.0|89.900002|90.099998||SOLET|
3|4.0|1.5|89.900002|90.099998||SOLET|
3|4.0|2.0|89.900002|90.099998||WOLET|
3|4.0|3.0|89.900002|90.099998||WOLET|
3|4.0|4.0|89.900002|90.099998||TEE|
3|6.0|1.0|89.900002|90.099998||SOLET|
3|6.0|1.5|89.900002|90.099998||SOLET|
3|6.0|2.0|89.900002|90.099998||WOLET|
3|6.0|3.0|89.900002|90.099998||WOLET|
3|6.0|4.0|89.900002|90.099998||WOLET|
3|6.0|6.0|89.900002|90.099998||TEE|
3|8.0|1.0|89.900002|90.099998||SOLET|
3|8.0|1.5|89.900002|90.099998||SOLET|
3|8.0|2.0|89.900002|90.099998||WOLET|
3|8.0|3.0|89.900002|90.099998||WOLET|
3|8.0|4.0|89.900002|90.099998||WOLET|
3|8.0|6.0|89.900002|90.099998||WOLET|
3|8.0|8.0|89.900002|90.099998||TEE|
0|1.5|1.5|44.900002|45.099998||LOLET|
0|2.0|1.5|44.900002|45.099998||LOLET|
0|3.0|1.5|44.900002|45.099998||LOLET|
0|4.0|1.5|44.900002|45.099998||LOLET|
0|6.0|1.5|44.900002|45.099998||LOLET|
0|8.0|1.5|44.900002|45.099998||LOLET|
0|10.0|1.5|44.900002|45.099998||LOLET|
0|12.0|1.5|44.900002|45.099998||LOLET|
1|1.5|1.5|44.900002|45.099998||LOLET|
1|2.0|1.5|44.900002|45.099998||LOLET|
1|3.0|1.5|44.900002|45.099998||LOLET|
1|4.0|1.5|44.900002|45.099998||LOLET|
1|6.0|1.5|44.900002|45.099998||LOLET|
1|8.0|1.5|44.900002|45.099998||LOLET|
1|10.0|1.5|44.900002|45.099998||LOLET|
1|12.0|1.5|44.900002|45.099998||LOLET|
0|10.0|6.0|10.0|170.0||RWELD|
0|10.0|8.0|10.0|170.0||RWELD|
0|12.0|6.0|10.0|170.0||RWELD|
0|12.0|8.0|10.0|170.0||RWELD|
0|12.0|10.0|10.0|170.0||RWELD|
0|14.0|6.0|10.0|170.0||RWELD|
0|14.0|8.0|10.0|170.0||RWELD|
0|14.0|10.0|10.0|170.0||RWELD|
0|14.0|12.0|89.900002|90.099998||RWELD|
0|16.0|6.0|10.0|170.0||RWELD|
0|16.0|8.0|10.0|170.0||RWELD|
0|16.0|10.0|10.0|170.0||RWELD|
0|16.0|12.0|89.900002|90.099998||RWELD|
0|16.0|14.0|89.900002|90.099998||RWELD|
0|18.0|6.0|89.900002|90.099998||RWELD|
0|18.0|8.0|89.900002|90.099998||RWELD|
0|18.0|10.0|89.900002|90.099998||RWELD|
0|18.0|12.0|89.900002|90.099998||RWELD|
0|18.0|14.0|89.900002|90.099998||RWELD|
0|18.0|16.0|89.900002|90.099998||RWELD|
0|20.0|6.0|89.900002|90.099998||RWELD|
0|20.0|8.0|89.900002|90.099998||RWELD|
0|20.0|10.0|89.900002|90.099998||RWELD|
0|20.0|12.0|89.900002|90.099998||RWELD|
0|20.0|14.0|89.900002|90.099998||RWELD|
0|20.0|16.0|89.900002|90.099998||RWELD|
0|20.0|18.0|89.900002|90.099998||RWELD|
20|0.5|0.5|89.900002|90.099998||TEE|
20|0.75|0.75|89.900002|90.099998||TEE|
20|0.75|0.5|89.900002|90.099998||REDTEE|
20|1.0|0.5|89.900002|90.099998||REDTEE|
20|1.0|0.75|89.900002|90.099998||REDTEE|
20|1.0|1.0|89.900002|90.099998||TEE|
20|1.5|0.5|89.900002|90.099998||REDTEE|
20|1.5|0.75|89.900002|90.099998||REDTEE|
20|1.5|1.0|89.900002|90.099998||REDTEE|
20|1.5|1.5|89.900002|90.099998||TEE|
20|2.0|0.5|89.900002|90.099998||SOLET|
20|2.0|0.75|89.900002|90.099998||SOLET|
20|2.0|1.0|89.900002|90.099998||SOLET|
20|2.0|1.5|89.900002|90.099998||SOLET|
20|2.0|2.0|89.900002|90.099998||TEE|
20|2.5|0.5|89.900002|90.099998||SOLET|
20|2.5|0.75|89.900002|90.099998||SOLET|
20|2.5|1.0|89.900002|90.099998||SOLET|
20|2.5|1.5|89.900002|90.099998||SOLET|
20|2.5|2.0|89.900002|90.099998||TEE|
20|2.5|2.5|89.900002|90.099998||TEE|
20|3.0|0.5|89.900002|90.099998||SOLET|
20|3.0|0.75|89.900002|90.099998||SOLET|
20|3.0|1.0|89.900002|90.099998||SOLET|
20|3.0|1.5|89.900002|90.099998||SOLET|
20|3.0|2.0|89.900002|90.099998||WOLET|
20|3.0|2.5|89.900002|90.099998||WOLET|
20|3.0|3.0|89.900002|90.099998||TEE|
20|4.0|0.5|89.900002|90.099998||SOLET|
20|4.0|0.75|89.900002|90.099998||SOLET|
20|4.0|1.0|89.900002|90.099998||SOLET|
20|4.0|1.5|89.900002|90.099998||SOLET|
20|4.0|2.0|89.900002|90.099998||WOLET|
20|4.0|2.5|89.900002|90.099998||RWELD|
20|4.0|3.0|89.900002|90.099998||RWELD|
20|4.0|4.0|89.900002|90.099998||TEE|
20|5.0|0.5|89.900002|90.099998||SOLET|
20|5.0|0.75|89.900002|90.099998||SOLET|
20|5.0|1.0|89.900002|90.099998||SOLET|
20|5.0|1.5|89.900002|90.099998||SOLET|
20|5.0|2.0|89.900002|90.099998||RWELD|
20|5.0|2.5|89.900002|90.099998||WOLET|
20|5.0|3.0|89.900002|90.099998||RWELD|
20|5.0|4.0|89.900002|90.099998||RWELD|
20|5.0|5.0|89.900002|90.099998||TEE|
20|6.0|0.5|89.900002|90.099998||SOLET|
20|6.0|0.75|89.900002|90.099998||SOLET|
20|6.0|1.0|89.900002|90.099998||SOLET|
20|6.0|1.5|89.900002|90.099998||SOLET|
20|6.0|2.0|89.900002|90.099998||RWELD|
20|6.0|2.5|89.900002|90.099998||WOLET|
20|6.0|3.0|89.900002|90.099998||WOLET|
20|6.0|4.0|89.900002|90.099998||RWELD|
20|6.0|5.0|89.900002|90.099998||RWELD|
20|6.0|6.0|89.900002|90.099998||TEE|
20|8.0|0.5|89.900002|90.099998||SOLET|
20|8.0|0.75|89.900002|90.099998||SOLET|
20|8.0|1.0|89.900002|90.099998||SOLET|
20|8.0|1.5|89.900002|90.099998||SOLET|
20|8.0|2.0|89.900002|90.099998||WOLET|
20|8.0|2.5|89.900002|90.099998||WOLET|
20|8.0|3.0|89.900002|90.099998||WOLET|
20|8.0|4.0|89.900002|90.099998||WOLET|
20|8.0|5.0|89.900002|90.099998||RWELD|
20|8.0|6.0|89.900002|90.099998||RWELD|
20|8.0|8.0|89.900002|90.099998||TEE|
20|10.0|0.5|89.900002|90.099998||SOLET|
20|10.0|0.75|89.900002|90.099998||SOLET|
20|10.0|1.0|89.900002|90.099998||SOLET|
20|10.0|1.5|89.900002|90.099998||SOLET|
20|10.0|2.0|89.900002|90.099998||WOLET|
20|10.0|2.5|89.900002|90.099998||WOLET|
20|10.0|3.0|89.900002|90.099998||WOLET|
20|10.0|4.0|89.900002|90.099998||WOLET|
20|10.0|5.0|89.900002|90.099998||RWELD|
20|10.0|6.0|89.900002|90.099998||RWELD|
20|10.0|8.0|89.900002|90.099998||RWELD|
20|10.0|10.0|89.900002|90.099998||TEE|
20|12.0|0.5|89.900002|90.099998||SOLET|
20|12.0|0.75|89.900002|90.099998||SOLET|
20|12.0|1.0|89.900002|90.099998||SOLET|
20|12.0|1.5|89.900002|90.099998||SOLET|
20|12.0|2.0|89.900002|90.099998||WOLET|
20|12.0|2.5|89.900002|90.099998||WOLET|
20|12.0|3.0|89.900002|90.099998||WOLET|
20|12.0|4.0|89.900002|90.099998||WOLET|
20|12.0|5.0|89.900002|90.099998||WOLET|
20|12.0|6.0|89.900002|90.099998||RWELD|
20|12.0|8.0|89.900002|90.099998||RWELD|
20|12.0|10.0|89.900002|90.099998||RWELD|
20|12.0|12.0|89.900002|90.099998||TEE|
20|14.0|0.5|89.900002|90.099998||SOLET|
20|14.0|0.75|89.900002|90.099998||SOLET|
20|14.0|1.0|89.900002|90.099998||SOLET|
20|14.0|1.5|89.900002|90.099998||SOLET|
20|14.0|2.0|89.900002|90.099998||WOLET|
20|14.0|2.5|89.900002|90.099998||WOLET|
20|14.0|3.0|89.900002|90.099998||WOLET|
20|14.0|4.0|89.900002|90.099998||WOLET|
20|14.0|5.0|89.900002|90.099998||WOLET|
20|14.0|6.0|89.900002|90.099998||RWELD|
20|14.0|8.0|89.900002|90.099998||RWELD|
20|14.0|10.0|89.900002|90.099998||RWELD|
20|14.0|12.0|89.900002|90.099998||RWELD|
20|14.0|14.0|89.900002|90.099998||TEE|
20|16.0|0.5|89.900002|90.099998||SOLET|
20|16.0|0.75|89.900002|90.099998||SOLET|
20|16.0|1.0|89.900002|90.099998||SOLET|
20|16.0|1.5|89.900002|90.099998||SOLET|
20|16.0|2.0|89.900002|90.099998||WOLET|
20|16.0|2.5|89.900002|90.099998||WOLET|
20|16.0|3.0|89.900002|90.099998||WOLET|
20|16.0|4.0|89.900002|90.099998||WOLET|
20|16.0|5.0|89.900002|90.099998||WOLET|
20|16.0|6.0|89.900002|90.099998||RWELD|
20|16.0|8.0|89.900002|90.099998||RWELD|
20|16.0|10.0|89.900002|90.099998||RWELD|
20|16.0|12.0|89.900002|90.099998||RWELD|
20|16.0|14.0|89.900002|90.099998||RWELD|
20|16.0|16.0|89.900002|90.099998||TEE|
20|18.0|0.5|89.900002|90.099998||SOLET|
20|18.0|0.75|89.900002|90.099998||SOLET|
20|18.0|1.0|89.900002|90.099998||SOLET|
20|18.0|1.5|89.900002|90.099998||SOLET|
20|18.0|2.0|89.900002|90.099998||WOLET|
20|18.0|2.5|89.900002|90.099998||WOLET|
20|18.0|3.0|89.900002|90.099998||WOLET|
20|18.0|4.0|89.900002|90.099998||WOLET|
20|18.0|5.0|89.900002|90.099998||WOLET|
20|18.0|6.0|89.900002|90.099998||RWELD|
20|18.0|8.0|89.900002|90.099998||RWELD|
20|18.0|10.0|89.900002|90.099998||RWELD|
20|18.0|12.0|89.900002|90.099998||RWELD|
20|18.0|14.0|89.900002|90.099998||RWELD|
20|18.0|16.0|89.900002|90.099998||RWELD|
20|18.0|18.0|89.900002|90.099998||TEE|
20|20.0|0.5|89.900002|90.099998||SOLET|
20|20.0|0.75|89.900002|90.099998||SOLET|
20|20.0|1.0|89.900002|90.099998||SOLET|
20|20.0|1.5|89.900002|90.099998||SOLET|
20|20.0|2.0|89.900002|90.099998||WOLET|
20|20.0|2.5|89.900002|90.099998||WOLET|
20|20.0|3.0|89.900002|90.099998||WOLET|
20|20.0|4.0|89.900002|90.099998||WOLET|
20|20.0|5.0|89.900002|90.099998||WOLET|
20|20.0|6.0|89.900002|90.099998||RWELD|
20|20.0|8.0|89.900002|90.099998||RWELD|
20|20.0|10.0|89.900002|90.099998||RWELD|
20|20.0|12.0|89.900002|90.099998||RWELD|
20|20.0|14.0|89.900002|90.099998||RWELD|
20|20.0|16.0|89.900002|90.099998||RWELD|
20|20.0|18.0|89.900002|90.099998||RWELD|
20|20.0|20.0|89.900002|90.099998||TEE|
20|24.0|0.5|89.900002|90.099998||SOLET|
20|24.0|0.75|89.900002|90.099998||SOLET|
20|24.0|1.0|89.900002|90.099998||SOLET|
20|24.0|1.5|89.900002|90.099998||SOLET|
20|24.0|2.0|89.900002|90.099998||WOLET|
20|24.0|2.5|89.900002|90.099998||WOLET|
20|24.0|3.0|89.900002|90.099998||WOLET|
20|24.0|4.0|89.900002|90.099998||WOLET|
20|24.0|5.0|89.900002|90.099998||WOLET|
20|24.0|6.0|89.900002|90.099998||WOLET|
20|24.0|8.0|89.900002|90.099998||WOLET|
20|24.0|10.0|89.900002|90.099998||RPAD|
20|24.0|12.0|89.900002|90.099998||RPAD|
20|24.0|14.0|89.900002|90.099998||RPAD|
20|24.0|16.0|89.900002|90.099998||RPAD|
20|24.0|18.0|89.900002|90.099998||RPAD|
20|24.0|20.0|89.900002|90.099998||RPAD|
20|24.0|24.0|89.900002|90.099998||TEE|
20|26.0|0.5|89.900002|90.099998||SOLET|
20|26.0|0.75|89.900002|90.099998||SOLET|
20|26.0|1.0|89.900002|90.099998||SOLET|
20|26.0|1.5|89.900002|90.099998||SOLET|
20|26.0|2.0|89.900002|90.099998||WOLET|
20|26.0|2.5|89.900002|90.099998||WOLET|
20|26.0|3.0|89.900002|90.099998||WOLET|
20|26.0|4.0|89.900002|90.099998||WOLET|
20|26.0|5.0|89.900002|90.099998||WOLET|
20|26.0|6.0|89.900002|90.099998||WOLET|
20|26.0|8.0|89.900002|90.099998||WOLET|
20|26.0|10.0|89.900002|90.099998||WOLET|
20|26.0|12.0|89.900002|90.099998||WOLET|
20|26.0|14.0|89.900002|90.099998||WOLET|
20|26.0|16.0|89.900002|90.099998||WOLET|
20|26.0|18.0|89.900002|90.099998||WOLET|
20|26.0|20.0|89.900002|90.099998||WOLET|
20|26.0|24.0|89.900002|90.099998||WOLET|
20|26.0|26.0|89.900002|90.099998||TEE|
20|28.0|0.5|89.900002|90.099998||SOLET|
20|28.0|0.75|89.900002|90.099998||SOLET|
20|28.0|1.0|89.900002|90.099998||SOLET|
20|28.0|1.5|89.900002|90.099998||SOLET|
20|28.0|2.0|89.900002|90.099998||WOLET|
20|28.0|2.5|89.900002|90.099998||WOLET|
20|28.0|3.0|89.900002|90.099998||WOLET|
20|28.0|4.0|89.900002|90.099998||WOLET|
20|28.0|5.0|89.900002|90.099998||WOLET|
20|28.0|6.0|89.900002|90.099998||WOLET|
20|28.0|8.0|89.900002|90.099998||WOLET|
20|28.0|10.0|89.900002|90.099998||WOLET|
20|28.0|12.0|89.900002|90.099998||WOLET|
20|28.0|14.0|89.900002|90.099998||WOLET|
20|28.0|16.0|89.900002|90.099998||WOLET|
20|28.0|18.0|89.900002|90.099998||WOLET|
20|28.0|20.0|89.900002|90.099998||WOLET|
20|28.0|24.0|89.900002|90.099998||WOLET|
20|28.0|26.0|89.900002|90.099998||WOLET|
20|28.0|28.0|89.900002|90.099998||TEE|
20|30.0|0.5|89.900002|90.099998||SOLET|
20|30.0|0.75|89.900002|90.099998||SOLET|
20|30.0|1.0|89.900002|90.099998||SOLET|
20|30.0|1.5|89.900002|90.099998||SOLET|
20|30.0|2.0|89.900002|90.099998||WOLET|
20|30.0|2.5|89.900002|90.099998||WOLET|
20|30.0|3.0|89.900002|90.099998||WOLET|
20|30.0|4.0|89.900002|90.099998||WOLET|
20|30.0|5.0|89.900002|90.099998||WOLET|
20|30.0|6.0|89.900002|90.099998||WOLET|
20|30.0|8.0|89.900002|90.099998||WOLET|
20|30.0|10.0|89.900002|90.099998||WOLET|
20|30.0|12.0|89.900002|90.099998||WOLET|
20|30.0|14.0|89.900002|90.099998||WOLET|
20|30.0|16.0|89.900002|90.099998||WOLET|
20|30.0|18.0|89.900002|90.099998||WOLET|
20|30.0|20.0|89.900002|90.099998||WOLET|
20|30.0|24.0|89.900002|90.099998||WOLET|
20|30.0|26.0|89.900002|90.099998||WOLET|
20|30.0|28.0|89.900002|90.099998||WOLET|
20|30.0|30.0|89.900002|90.099998||TEE|
20|32.0|0.5|89.900002|90.099998||SOLET|
20|32.0|0.75|89.900002|90.099998||SOLET|
20|32.0|1.0|89.900002|90.099998||SOLET|
20|32.0|1.5|89.900002|90.099998||SOLET|
20|32.0|2.0|89.900002|90.099998||WOLET|
20|32.0|2.5|89.900002|90.099998||WOLET|
20|32.0|3.0|89.900002|90.099998||WOLET|
20|32.0|4.0|89.900002|90.099998||WOLET|
20|32.0|5.0|89.900002|90.099998||WOLET|
20|32.0|6.0|89.900002|90.099998||WOLET|
20|32.0|8.0|89.900002|90.099998||WOLET|
20|32.0|10.0|89.900002|90.099998||WOLET|
20|32.0|12.0|89.900002|90.099998||WOLET|
20|32.0|14.0|89.900002|90.099998||WOLET|
20|32.0|16.0|89.900002|90.099998||WOLET|
20|32.0|18.0|89.900002|90.099998||WOLET|
20|32.0|20.0|89.900002|90.099998||WOLET|
20|32.0|24.0|89.900002|90.099998||WOLET|
20|32.0|26.0|89.900002|90.099998||WOLET|
20|32.0|28.0|89.900002|90.099998||WOLET|
20|32.0|30.0|89.900002|90.099998||WOLET|
20|32.0|32.0|89.900002|90.099998||TEE|
20|34.0|0.5|89.900002|90.099998||SOLET|
20|34.0|0.75|89.900002|90.099998||SOLET|
20|34.0|1.0|89.900002|90.099998||SOLET|
20|34.0|1.5|89.900002|90.099998||SOLET|
20|34.0|2.0|89.900002|90.099998||WOLET|
20|34.0|2.5|89.900002|90.099998||WOLET|
20|34.0|3.0|89.900002|90.099998||WOLET|
20|34.0|4.0|89.900002|90.099998||WOLET|
20|34.0|5.0|89.900002|90.099998||WOLET|
20|34.0|6.0|89.900002|90.099998||WOLET|
20|34.0|8.0|89.900002|90.099998||WOLET|
20|34.0|10.0|89.900002|90.099998||WOLET|
20|34.0|12.0|89.900002|90.099998||WOLET|
20|34.0|14.0|89.900002|90.099998||WOLET|
20|34.0|16.0|89.900002|90.099998||WOLET|
20|34.0|18.0|89.900002|90.099998||WOLET|
20|34.0|20.0|89.900002|90.099998||WOLET|
20|34.0|24.0|89.900002|90.099998||WOLET|
20|34.0|26.0|89.900002|90.099998||WOLET|
20|34.0|28.0|89.900002|90.099998||WOLET|
20|34.0|30.0|89.900002|90.099998||WOLET|
20|34.0|32.0|89.900002|90.099998||WOLET|
20|34.0|34.0|89.900002|90.099998||TEE|
20|36.0|0.5|89.900002|90.099998||SOLET|
20|36.0|0.75|89.900002|90.099998||SOLET|
20|36.0|1.0|89.900002|90.099998||SOLET|
20|36.0|1.5|89.900002|90.099998||SOLET|
20|36.0|2.0|89.900002|90.099998||WOLET|
20|36.0|2.5|89.900002|90.099998||WOLET|
20|36.0|3.0|89.900002|90.099998||WOLET|
20|36.0|4.0|89.900002|90.099998||WOLET|
20|36.0|5.0|89.900002|90.099998||WOLET|
20|36.0|6.0|89.900002|90.099998||WOLET|
20|36.0|8.0|89.900002|90.099998||WOLET|
20|36.0|10.0|89.900002|90.099998||WOLET|
20|36.0|12.0|89.900002|90.099998||WOLET|
20|36.0|14.0|89.900002|90.099998||WOLET|
20|36.0|16.0|89.900002|90.099998||WOLET|
20|36.0|18.0|89.900002|90.099998||WOLET|
20|36.0|20.0|89.900002|90.099998||WOLET|
20|36.0|24.0|89.900002|90.099998||WOLET|
20|36.0|26.0|89.900002|90.099998||WOLET|
20|36.0|28.0|89.900002|90.099998||WOLET|
20|36.0|30.0|89.900002|90.099998||WOLET|
20|36.0|32.0|89.900002|90.099998||WOLET|
20|36.0|34.0|89.900002|90.099998||WOLET|
20|36.0|36.0|89.900002|90.099998||TEE|
20|36.0|36.0|89.900002|90.099998||TEE|
20|1.5|1.5|44.900002|45.099998||LOLET|
20|2.0|1.5|44.900002|45.099998||LOLET|
20|3.0|1.5|44.900002|45.099998||LOLET|
20|4.0|1.5|44.900002|45.099998||LOLET|
20|6.0|1.5|44.900002|45.099998||LOLET|
20|8.0|1.5|44.900002|45.099998||LOLET|
20|10.0|1.5|44.900002|45.099998||LOLET|
20|12.0|1.5|44.900002|45.099998||LOLET|
20|10.0|6.0|10.0|170.0||RWELD|
20|10.0|8.0|10.0|170.0||RWELD|
20|12.0|6.0|10.0|170.0||RWELD|
20|12.0|8.0|10.0|170.0||RWELD|
20|12.0|10.0|10.0|170.0||RWELD|
20|14.0|6.0|10.0|170.0||RWELD|
20|14.0|8.0|10.0|170.0||RWELD|
20|14.0|10.0|10.0|170.0||RWELD|
20|14.0|12.0|89.900002|90.099998||RWELD|
20|16.0|6.0|10.0|170.0||RWELD|
20|16.0|8.0|10.0|170.0||RWELD|
20|16.0|10.0|10.0|170.0||RWELD|
20|16.0|12.0|89.900002|90.099998||RWELD|
20|16.0|14.0|89.900002|90.099998||RWELD|
20|18.0|6.0|89.900002|90.099998||RWELD|
20|18.0|8.0|89.900002|90.099998||RWELD|
20|18.0|10.0|89.900002|90.099998||RWELD|
20|18.0|12.0|89.900002|90.099998||RWELD|
20|18.0|14.0|89.900002|90.099998||RWELD|
20|18.0|16.0|89.900002|90.099998||RWELD|
20|20.0|6.0|89.900002|90.099998||RWELD|
20|20.0|8.0|89.900002|90.099998||RWELD|
20|20.0|10.0|89.900002|90.099998||RWELD|
20|20.0|12.0|89.900002|90.099998||RWELD|
20|20.0|14.0|89.900002|90.099998||RWELD|
20|20.0|16.0|89.900002|90.099998||RWELD|
20|20.0|18.0|89.900002|90.099998||RWELD|
21|15.00|15.00|89.900002|90.099998||TEE|
21|20.00|15.00|89.900002|90.099998||TEE|
21|20.00|20.00|89.900002|90.099998||TEE|
21|25.00|15.00|89.900002|90.099998||RWELD|
21|25.00|20.00|89.900002|90.099998||RWELD|
21|25.00|25.00|89.900002|90.099998||TEE|
21|32.00|15.00|89.900002|90.099998||RWELD|
21|32.00|20.00|89.900002|90.099998||RWELD|
21|32.00|25.00|89.900002|90.099998||RWELD|
21|32.00|32.00|89.900002|90.099998||TEE|
21|40.00|15.00|89.900002|90.099998||RWELD|
21|40.00|20.00|89.900002|90.099998||RWELD|
21|40.00|25.00|89.900002|90.099998||RWELD|
21|40.00|32.00|89.900002|90.099998||RWELD|
21|40.00|40.00|89.900002|90.099998||TEE|
21|50.00|15.00|89.900002|90.099998||RWELD|
21|50.00|20.00|89.900002|90.099998||RWELD|
21|50.00|25.00|89.900002|90.099998||RWELD|
21|50.00|32.00|89.900002|90.099998||RWELD|
21|50.00|40.00|89.900002|90.099998||RWELD|
21|50.00|50.00|89.900002|90.099998||TEE|
21|65.00|15.00|89.900002|90.099998||RWELD|
21|65.00|20.00|89.900002|90.099998||RWELD|
21|65.00|25.00|89.900002|90.099998||RWELD|
21|65.00|32.00|89.900002|90.099998||RWELD|
21|65.00|40.00|89.900002|90.099998||RWELD|
21|65.00|50.00|89.900002|90.099998||RWELD|
21|65.00|65.00|89.900002|90.099998||TEE|
21|80.00|15.00|89.900002|90.099998||RWELD|
21|80.00|20.00|89.900002|90.099998||RWELD|
21|80.00|25.00|89.900002|90.099998||RWELD|
21|80.00|32.00|89.900002|90.099998||RWELD|
21|80.00|40.00|89.900002|90.099998||RWELD|
21|80.00|50.00|89.900002|90.099998||RWELD|
21|80.00|65.00|89.900002|90.099998||RWELD|
21|80.00|80.00|89.900002|90.099998||TEE|
21|100.00|15.00|89.900002|90.099998||RWELD|
21|100.00|20.00|89.900002|90.099998||RWELD|
21|100.00|25.00|89.900002|90.099998||RWELD|
21|100.00|32.00|89.900002|90.099998||RWELD|
21|100.00|40.00|89.900002|90.099998||RWELD|
21|100.00|50.00|89.900002|90.099998||RWELD|
21|100.00|65.00|89.900002|90.099998||RWELD|
21|100.00|80.00|89.900002|90.099998||RWELD|
21|100.00|100.00|89.900002|90.099998||TEE|
21|125.00|15.00|89.900002|90.099998||RWELD|
21|125.00|20.00|89.900002|90.099998||RWELD|
21|125.00|25.00|89.900002|90.099998||RWELD|
21|125.00|32.00|89.900002|90.099998||RWELD|
21|125.00|40.00|89.900002|90.099998||RWELD|
21|125.00|50.00|89.900002|90.099998||RWELD|
21|125.00|65.00|89.900002|90.099998||RWELD|
21|125.00|80.00|89.900002|90.099998||RWELD|
21|125.00|100.00|89.900002|90.099998||RWELD|
21|125.00|125.00|89.900002|90.099998||TEE|
21|150.00|15.00|89.900002|90.099998||RWELD|
21|150.00|20.00|89.900002|90.099998||RWELD|
21|150.00|25.00|89.900002|90.099998||RWELD|
21|150.00|32.00|89.900002|90.099998||RWELD|
21|150.00|40.00|89.900002|90.099998||RWELD|
21|150.00|50.00|89.900002|90.099998||RWELD|
21|150.00|65.00|89.900002|90.099998||RWELD|
21|150.00|80.00|89.900002|90.099998||RWELD|
21|150.00|100.00|89.900002|90.099998||RWELD|
21|150.00|125.00|89.900002|90.099998||RWELD|
21|150.00|150.00|89.900002|90.099998||TEE|
21|200.00|15.00|89.900002|90.099998||RWELD|
21|200.00|20.00|89.900002|90.099998||RWELD|
21|200.00|25.00|89.900002|90.099998||RWELD|
21|200.00|32.00|89.900002|90.099998||RWELD|
21|200.00|40.00|89.900002|90.099998||RWELD|
21|200.00|50.00|89.900002|90.099998||RWELD|
21|200.00|65.00|89.900002|90.099998||RWELD|
21|200.00|80.00|89.900002|90.099998||RWELD|
21|200.00|100.00|89.900002|90.099998||RWELD|
21|200.00|125.00|89.900002|90.099998||RWELD|
21|200.00|150.00|89.900002|90.099998||RWELD|
21|200.00|200.00|89.900002|90.099998||TEE|
21|250.00|15.00|89.900002|90.099998||RWELD|
21|250.00|20.00|89.900002|90.099998||RWELD|
21|250.00|25.00|89.900002|90.099998||RWELD|
21|250.00|32.00|89.900002|90.099998||RWELD|
21|250.00|40.00|89.900002|90.099998||RWELD|
21|250.00|50.00|89.900002|90.099998||RWELD|
21|250.00|65.00|89.900002|90.099998||RWELD|
21|250.00|80.00|89.900002|90.099998||RWELD|
21|250.00|100.00|89.900002|90.099998||RWELD|
21|250.00|125.00|89.900002|90.099998||RWELD|
21|250.00|150.00|89.900002|90.099998||RWELD|
21|250.00|200.00|89.900002|90.099998||RWELD|
21|250.00|250.00|89.900002|90.099998||TEE|
21|300.00|15.00|89.900002|90.099998||RWELD|
21|300.00|20.00|89.900002|90.099998||RWELD|
21|300.00|25.00|89.900002|90.099998||RWELD|
21|300.00|32.00|89.900002|90.099998||RWELD|
21|300.00|40.00|89.900002|90.099998||RWELD|
21|300.00|50.00|89.900002|90.099998||RWELD|
21|300.00|65.00|89.900002|90.099998||RWELD|
21|300.00|80.00|89.900002|90.099998||RWELD|
21|300.00|100.00|89.900002|90.099998||RWELD|
21|300.00|125.00|89.900002|90.099998||RWELD|
21|300.00|150.00|89.900002|90.099998||RWELD|
21|300.00|200.00|89.900002|90.099998||RWELD|
21|300.00|250.00|89.900002|90.099998||RWELD|
21|300.00|300.00|89.900002|90.099998||TEE|
21|350.00|15.00|89.900002|90.099998||RWELD|
21|350.00|20.00|89.900002|90.099998||RWELD|
21|350.00|25.00|89.900002|90.099998||RWELD|
21|350.00|32.00|89.900002|90.099998||RWELD|
21|350.00|40.00|89.900002|90.099998||RWELD|
21|350.00|50.00|89.900002|90.099998||RWELD|
21|350.00|65.00|89.900002|90.099998||RWELD|
21|350.00|80.00|89.900002|90.099998||RWELD|
21|350.00|100.00|89.900002|90.099998||RWELD|
21|350.00|125.00|89.900002|90.099998||RWELD|
21|350.00|150.00|89.900002|90.099998||RWELD|
21|350.00|200.00|89.900002|90.099998||RWELD|
21|350.00|250.00|89.900002|90.099998||RWELD|
21|350.00|300.00|89.900002|90.099998||RWELD|
21|350.00|350.00|89.900002|90.099998||TEE|
21|400.00|15.00|89.900002|90.099998||RWELD|
21|400.00|20.00|89.900002|90.099998||RWELD|
21|400.00|25.00|89.900002|90.099998||RWELD|
21|400.00|32.00|89.900002|90.099998||RWELD|
21|400.00|40.00|89.900002|90.099998||RWELD|
21|400.00|50.00|89.900002|90.099998||RWELD|
21|400.00|65.00|89.900002|90.099998||RWELD|
21|400.00|80.00|89.900002|90.099998||RWELD|
21|400.00|100.00|89.900002|90.099998||RWELD|
21|400.00|125.00|89.900002|90.099998||RWELD|
21|400.00|150.00|89.900002|90.099998||RWELD|
21|400.00|200.00|89.900002|90.099998||RWELD|
21|400.00|250.00|89.900002|90.099998||RWELD|
21|400.00|300.00|89.900002|90.099998||RWELD|
21|400.00|350.00|89.900002|90.099998||RWELD|
21|400.00|400.00|89.900002|90.099998||TEE|
21|450.00|15.00|89.900002|90.099998||SOLET|
21|450.00|20.00|89.900002|90.099998||SOLET|
21|450.00|25.00|89.900002|90.099998||SOLET|
21|450.00|32.00|89.900002|90.099998||SOLET|
21|450.00|40.00|89.900002|90.099998||SOLET|
21|450.00|50.00|89.900002|90.099998||WOLET|
21|450.00|65.00|89.900002|90.099998||WOLET|
21|450.00|80.00|89.900002|90.099998||WOLET|
21|450.00|100.00|89.900002|90.099998||WOLET|
21|450.00|125.00|89.900002|90.099998||WOLET|
21|450.00|150.00|89.900002|90.099998||RWELD|
21|450.00|200.00|89.900002|90.099998||RWELD|
21|450.00|250.00|89.900002|90.099998||RWELD|
21|450.00|300.00|89.900002|90.099998||RWELD|
21|450.00|350.00|89.900002|90.099998||RWELD|
21|450.00|400.00|89.900002|90.099998||RWELD|
21|450.00|450.00|89.900002|90.099998||TEE|
21|500.00|15.00|89.900002|90.099998||SOLET|
21|500.00|20.00|89.900002|90.099998||SOLET|
21|500.00|25.00|89.900002|90.099998||SOLET|
21|500.00|32.00|89.900002|90.099998||SOLET|
21|500.00|40.00|89.900002|90.099998||SOLET|
21|500.00|50.00|89.900002|90.099998||WOLET|
21|500.00|65.00|89.900002|90.099998||WOLET|
21|500.00|80.00|89.900002|90.099998||WOLET|
21|500.00|100.00|89.900002|90.099998||WOLET|
21|500.00|125.00|89.900002|90.099998||WOLET|
21|500.00|150.00|89.900002|90.099998||RWELD|
21|500.00|200.00|89.900002|90.099998||RWELD|
21|500.00|250.00|89.900002|90.099998||RWELD|
21|500.00|300.00|89.900002|90.099998||RWELD|
21|500.00|350.00|89.900002|90.099998||RWELD|
21|500.00|400.00|89.900002|90.099998||RWELD|
21|500.00|450.00|89.900002|90.099998||RWELD|
21|500.00|500.00|89.900002|90.099998||TEE|
21|600.00|15.00|89.900002|90.099998||SOLET|
21|600.00|20.00|89.900002|90.099998||SOLET|
21|600.00|25.00|89.900002|90.099998||SOLET|
21|600.00|40.00|89.900002|90.099998||SOLET|
21|600.00|50.00|89.900002|90.099998||WOLET|
21|600.00|65.00|89.900002|90.099998||WOLET|
21|600.00|80.00|89.900002|90.099998||WOLET|
21|600.00|100.00|89.900002|90.099998||WOLET|
21|600.00|125.00|89.900002|90.099998||WOLET|
21|600.00|150.00|89.900002|90.099998||WOLET|
21|600.00|200.00|89.900002|90.099998||WOLET|
21|600.00|250.00|89.900002|90.099998||RPAD|
21|600.00|300.00|89.900002|90.099998||RPAD|
21|600.00|350.00|89.900002|90.099998||RPAD|
21|600.00|400.00|89.900002|90.099998||RPAD|
21|600.00|450.00|89.900002|90.099998||RPAD|
21|600.00|500.00|89.900002|90.099998||RPAD|
21|600.00|600.00|89.900002|90.099998||TEE|
21|650.00|15.00|89.900002|90.099998||SOLET|
21|650.00|20.00|89.900002|90.099998||SOLET|
21|650.00|25.00|89.900002|90.099998||SOLET|
21|650.00|40.00|89.900002|90.099998||SOLET|
21|650.00|50.00|89.900002|90.099998||WOLET|
21|650.00|65.00|89.900002|90.099998||WOLET|
21|650.00|80.00|89.900002|90.099998||WOLET|
21|650.00|100.00|89.900002|90.099998||WOLET|
21|650.00|125.00|89.900002|90.099998||WOLET|
21|650.00|150.00|89.900002|90.099998||WOLET|
21|650.00|200.00|89.900002|90.099998||WOLET|
21|650.00|250.00|89.900002|90.099998||WOLET|
21|650.00|300.00|89.900002|90.099998||WOLET|
21|650.00|350.00|89.900002|90.099998||WOLET|
21|650.00|400.00|89.900002|90.099998||WOLET|
21|650.00|450.00|89.900002|90.099998||WOLET|
21|650.00|500.00|89.900002|90.099998||WOLET|
21|650.00|600.00|89.900002|90.099998||WOLET|
21|650.00|650.00|89.900002|90.099998||TEE|
21|700.00|15.00|89.900002|90.099998||SOLET|
21|700.00|20.00|89.900002|90.099998||SOLET|
21|700.00|25.00|89.900002|90.099998||SOLET|
21|700.00|40.00|89.900002|90.099998||SOLET|
21|700.00|50.00|89.900002|90.099998||WOLET|
21|700.00|65.00|89.900002|90.099998||WOLET|
21|700.00|80.00|89.900002|90.099998||WOLET|
21|700.00|100.00|89.900002|90.099998||WOLET|
21|700.00|125.00|89.900002|90.099998||WOLET|
21|700.00|150.00|89.900002|90.099998||WOLET|
21|700.00|200.00|89.900002|90.099998||WOLET|
21|700.00|250.00|89.900002|90.099998||WOLET|
21|700.00|300.00|89.900002|90.099998||WOLET|
21|700.00|350.00|89.900002|90.099998||WOLET|
21|700.00|400.00|89.900002|90.099998||WOLET|
21|700.00|450.00|89.900002|90.099998||WOLET|
21|700.00|500.00|89.900002|90.099998||WOLET|
21|700.00|600.00|89.900002|90.099998||WOLET|
21|700.00|650.00|89.900002|90.099998||WOLET|
21|700.00|700.00|89.900002|90.099998||TEE|
21|750.00|15.00|89.900002|90.099998||SOLET|
21|750.00|20.00|89.900002|90.099998||SOLET|
21|750.00|25.00|89.900002|90.099998||SOLET|
21|750.00|40.00|89.900002|90.099998||SOLET|
21|750.00|50.00|89.900002|90.099998||WOLET|
21|750.00|65.00|89.900002|90.099998||WOLET|
21|750.00|80.00|89.900002|90.099998||WOLET|
21|750.00|100.00|89.900002|90.099998||WOLET|
21|750.00|125.00|89.900002|90.099998||WOLET|
21|750.00|150.00|89.900002|90.099998||WOLET|
21|750.00|200.00|89.900002|90.099998||WOLET|
21|750.00|250.00|89.900002|90.099998||WOLET|
21|750.00|300.00|89.900002|90.099998||WOLET|
21|750.00|350.00|89.900002|90.099998||WOLET|
21|750.00|400.00|89.900002|90.099998||WOLET|
21|750.00|450.00|89.900002|90.099998||WOLET|
21|750.00|500.00|89.900002|90.099998||WOLET|
21|750.00|600.00|89.900002|90.099998||WOLET|
21|750.00|650.00|89.900002|90.099998||WOLET|
21|750.00|700.00|89.900002|90.099998||WOLET|
21|750.00|750.00|89.900002|90.099998||TEE|
21|800.00|15.00|89.900002|90.099998||SOLET|
21|800.00|20.00|89.900002|90.099998||SOLET|
21|800.00|25.00|89.900002|90.099998||SOLET|
21|800.00|40.00|89.900002|90.099998||SOLET|
21|800.00|50.00|89.900002|90.099998||WOLET|
21|800.00|65.00|89.900002|90.099998||WOLET|
21|800.00|80.00|89.900002|90.099998||WOLET|
21|800.00|100.00|89.900002|90.099998||WOLET|
21|800.00|125.00|89.900002|90.099998||WOLET|
21|800.00|150.00|89.900002|90.099998||WOLET|
21|800.00|200.00|89.900002|90.099998||WOLET|
21|800.00|250.00|89.900002|90.099998||WOLET|
21|800.00|300.00|89.900002|90.099998||WOLET|
21|800.00|350.00|89.900002|90.099998||WOLET|
21|800.00|400.00|89.900002|90.099998||WOLET|
21|800.00|450.00|89.900002|90.099998||WOLET|
21|800.00|500.00|89.900002|90.099998||WOLET|
21|800.00|600.00|89.900002|90.099998||WOLET|
21|800.00|650.00|89.900002|90.099998||WOLET|
21|800.00|700.00|89.900002|90.099998||WOLET|
21|800.00|750.00|89.900002|90.099998||WOLET|
21|800.00|800.00|89.900002|90.099998||TEE|
21|850.00|15.00|89.900002|90.099998||SOLET|
21|850.00|20.00|89.900002|90.099998||SOLET|
21|850.00|25.00|89.900002|90.099998||SOLET|
21|850.00|40.00|89.900002|90.099998||SOLET|
21|850.00|50.00|89.900002|90.099998||WOLET|
21|850.00|65.00|89.900002|90.099998||WOLET|
21|850.00|80.00|89.900002|90.099998||WOLET|
21|850.00|100.00|89.900002|90.099998||WOLET|
21|850.00|125.00|89.900002|90.099998||WOLET|
21|850.00|150.00|89.900002|90.099998||WOLET|
21|850.00|200.00|89.900002|90.099998||WOLET|
21|850.00|250.00|89.900002|90.099998||WOLET|
21|850.00|300.00|89.900002|90.099998||WOLET|
21|850.00|350.00|89.900002|90.099998||WOLET|
21|850.00|400.00|89.900002|90.099998||WOLET|
21|850.00|450.00|89.900002|90.099998||WOLET|
21|850.00|500.00|89.900002|90.099998||WOLET|
21|850.00|600.00|89.900002|90.099998||WOLET|
21|850.00|650.00|89.900002|90.099998||WOLET|
21|850.00|700.00|89.900002|90.099998||WOLET|
21|850.00|750.00|89.900002|90.099998||WOLET|
21|850.00|800.00|89.900002|90.099998||WOLET|
21|850.00|850.00|89.900002|90.099998||TEE|
21|900.00|15.00|89.900002|90.099998||SOLET|
21|900.00|20.00|89.900002|90.099998||SOLET|
21|900.00|25.00|89.900002|90.099998||SOLET|
21|900.00|40.00|89.900002|90.099998||SOLET|
21|900.00|50.00|89.900002|90.099998||WOLET|
21|900.00|65.00|89.900002|90.099998||WOLET|
21|900.00|80.00|89.900002|90.099998||WOLET|
21|900.00|100.00|89.900002|90.099998||WOLET|
21|900.00|125.00|89.900002|90.099998||WOLET|
21|900.00|150.00|89.900002|90.099998||WOLET|
21|900.00|200.00|89.900002|90.099998||WOLET|
21|900.00|250.00|89.900002|90.099998||WOLET|
21|900.00|300.00|89.900002|90.099998||WOLET|
21|900.00|350.00|89.900002|90.099998||WOLET|
21|900.00|400.00|89.900002|90.099998||WOLET|
21|900.00|450.00|89.900002|90.099998||WOLET|
21|900.00|500.00|89.900002|90.099998||WOLET|
21|900.00|600.00|89.900002|90.099998||WOLET|
21|900.00|650.00|89.900002|90.099998||WOLET|
21|900.00|700.00|89.900002|90.099998||WOLET|
21|900.00|750.00|89.900002|90.099998||WOLET|
21|900.00|800.00|89.900002|90.099998||WOLET|
21|900.00|850.00|89.900002|90.099998||WOLET|
21|900.00|900.00|89.900002|90.099998||TEE|
21|900.00|900.00|89.900002|90.099998||TEE|
21|50.00|20.00|44.900002|45.099998||LOLET|
21|50.00|25.00|44.900002|45.099998||LOLET|
21|50.00|32.00|44.900002|45.099998||LOLET|
21|50.00|40.00|44.900002|45.099998||LOLET|
21|50.00|50.00|44.900002|45.099998||TEE|
21|65.00|20.00|44.900002|45.099998||LOLET|
21|65.00|25.00|44.900002|45.099998||LOLET|
21|65.00|32.00|44.900002|45.099998||LOLET|
21|65.00|40.00|44.900002|45.099998||LOLET|
21|65.00|50.00|44.900002|45.099998||RWELD|
21|65.00|65.00|44.900002|45.099998||TEE|
21|80.00|20.00|44.900002|45.099998||LOLET|
21|80.00|25.00|44.900002|45.099998||LOLET|
21|80.00|32.00|44.900002|45.099998||LOLET|
21|80.00|40.00|44.900002|45.099998||LOLET|
21|80.00|50.00|44.900002|45.099998||RWELD|
21|80.00|65.00|44.900002|45.099998||RWELD|
21|80.00|80.00|44.900002|45.099998||RWELD|
21|100.00|20.00|44.900002|45.099998||LOLET|
21|100.00|25.00|44.900002|45.099998||LOLET|
21|100.00|32.00|44.900002|45.099998||LOLET|
21|100.00|40.00|44.900002|45.099998||LOLET|
21|100.00|50.00|44.900002|45.099998||RWELD|
21|100.00|65.00|44.900002|45.099998||RWELD|
21|100.00|80.00|44.900002|45.099998||RWELD|
21|100.00|100.00|44.900002|45.099998||RWELD|
21|125.00|20.00|44.900002|45.099998||LOLET|
21|125.00|25.00|44.900002|45.099998||LOLET|
21|125.00|32.00|44.900002|45.099998||LOLET|
21|125.00|40.00|44.900002|45.099998||LOLET|
21|125.00|50.00|44.900002|45.099998||RWELD|
21|125.00|65.00|44.900002|45.099998||RWELD|
21|125.00|80.00|44.900002|45.099998||RWELD|
21|125.00|100.00|44.900002|45.099998||RWELD|
21|125.00|125.00|44.900002|45.099998||RWELD|
21|150.00|20.00|44.900002|45.099998||LOLET|
21|150.00|25.00|44.900002|45.099998||LOLET|
21|150.00|32.00|44.900002|45.099998||LOLET|
21|150.00|40.00|44.900002|45.099998||LOLET|
21|150.00|50.00|44.900002|45.099998||RWELD|
21|150.00|65.00|44.900002|45.099998||RWELD|
21|150.00|80.00|44.900002|45.099998||RWELD|
21|150.00|100.00|44.900002|45.099998||RWELD|
21|150.00|125.00|44.900002|45.099998||RWELD|
21|150.00|150.00|44.900002|45.099998||RWELD|
21|200.00|20.00|44.900002|45.099998||LOLET|
21|200.00|25.00|44.900002|45.099998||LOLET|
21|200.00|32.00|44.900002|45.099998||LOLET|
21|200.00|40.00|44.900002|45.099998||LOLET|
21|200.00|50.00|44.900002|45.099998||RWELD|
21|200.00|65.00|44.900002|45.099998||RWELD|
21|200.00|80.00|44.900002|45.099998||RWELD|
21|200.00|100.00|44.900002|45.099998||RWELD|
21|200.00|125.00|44.900002|45.099998||RWELD|
21|200.00|150.00|44.900002|45.099998||RWELD|
21|200.00|200.00|44.900002|45.099998||RWELD|
21|250.00|20.00|44.900002|45.099998||LOLET|
21|250.00|25.00|44.900002|45.099998||LOLET|
21|250.00|32.00|44.900002|45.099998||LOLET|
21|250.00|40.00|44.900002|45.099998||LOLET|
21|250.00|50.00|44.900002|45.099998||RWELD|
21|250.00|65.00|44.900002|45.099998||RWELD|
21|250.00|80.00|44.900002|45.099998||RWELD|
21|250.00|100.00|44.900002|45.099998||RWELD|
21|250.00|125.00|44.900002|45.099998||RWELD|
21|250.00|150.00|44.900002|45.099998||RWELD|
21|250.00|200.00|44.900002|45.099998||RWELD|
21|250.00|250.00|44.900002|45.099998||RWELD|
21|300.00|20.00|44.900002|45.099998||LOLET|
21|300.00|25.00|44.900002|45.099998||LOLET|
21|300.00|32.00|44.900002|45.099998||LOLET|
21|300.00|40.00|44.900002|45.099998||LOLET|
21|300.00|50.00|44.900002|45.099998||RWELD|
21|300.00|65.00|44.900002|45.099998||RWELD|
21|300.00|80.00|44.900002|45.099998||RWELD|
21|300.00|100.00|44.900002|45.099998||RWELD|
21|300.00|125.00|44.900002|45.099998||RWELD|
21|300.00|150.00|44.900002|45.099998||RWELD|
21|300.00|200.00|44.900002|45.099998||RWELD|
21|300.00|250.00|44.900002|45.099998||RWELD|
21|300.00|300.00|44.900002|45.099998||RWELD|
21|50.00|20.00|10.00|44.89||RWELD|
21|50.00|25.00|10.00|44.89||RWELD|
21|50.00|32.00|10.00|44.89||RWELD|
21|50.00|40.00|10.00|44.89||RWELD|
21|50.00|50.00|10.00|44.89||RWELD|
21|65.00|20.00|10.00|44.89||RWELD|
21|65.00|25.00|10.00|44.89||RWELD|
21|65.00|32.00|10.00|44.89||RWELD|
21|65.00|40.00|10.00|44.89||RWELD|
21|65.00|50.00|10.00|44.89||RWELD|
21|65.00|65.00|10.00|44.89||RWELD|
21|80.00|20.00|10.00|44.89||RWELD|
21|80.00|25.00|10.00|44.89||RWELD|
21|80.00|32.00|10.00|44.89||RWELD|
21|80.00|40.00|10.00|44.89||RWELD|
21|80.00|50.00|10.00|44.89||RWELD|
21|80.00|65.00|10.00|44.89||RWELD|
21|80.00|80.00|10.00|44.89||RWELD|
21|100.00|20.00|10.00|44.89||RWELD|
21|100.00|25.00|10.00|44.89||RWELD|
21|100.00|32.00|10.00|44.89||RWELD|
21|100.00|40.00|10.00|44.89||RWELD|
21|100.00|50.00|10.00|44.89||RWELD|
21|100.00|65.00|10.00|44.89||RWELD|
21|100.00|80.00|10.00|44.89||RWELD|
21|100.00|100.00|10.00|44.89||RWELD|
21|125.00|20.00|10.00|44.89||RWELD|
21|125.00|25.00|10.00|44.89||RWELD|
21|125.00|32.00|10.00|44.89||RWELD|
21|125.00|40.00|10.00|44.89||RWELD|
21|125.00|50.00|10.00|44.89||RWELD|
21|125.00|65.00|10.00|44.89||RWELD|
21|125.00|80.00|10.00|44.89||RWELD|
21|125.00|100.00|10.00|44.89||RWELD|
21|125.00|125.00|10.00|44.89||RWELD|
21|150.00|20.00|10.00|44.89||RWELD|
21|150.00|25.00|10.00|44.89||RWELD|
21|150.00|32.00|10.00|44.89||RWELD|
21|150.00|40.00|10.00|44.89||RWELD|
21|150.00|50.00|10.00|44.89||RWELD|
21|150.00|65.00|10.00|44.89||RWELD|
21|150.00|80.00|10.00|44.89||RWELD|
21|150.00|100.00|10.00|44.89||RWELD|
21|150.00|125.00|10.00|44.89||RWELD|
21|150.00|150.00|10.00|44.89||RWELD|
21|200.00|20.00|10.00|44.89||RWELD|
21|200.00|25.00|10.00|44.89||RWELD|
21|200.00|32.00|10.00|44.89||RWELD|
21|200.00|40.00|10.00|44.89||RWELD|
21|200.00|50.00|10.00|44.89||RWELD|
21|200.00|65.00|10.00|44.89||RWELD|
21|200.00|80.00|10.00|44.89||RWELD|
21|200.00|100.00|10.00|44.89||RWELD|
21|200.00|125.00|10.00|44.89||RWELD|
21|200.00|150.00|10.00|44.89||RWELD|
21|200.00|200.00|10.00|44.89||RWELD|
21|250.00|20.00|10.00|44.89||RWELD|
21|250.00|25.00|10.00|44.89||RWELD|
21|250.00|32.00|10.00|44.89||RWELD|
21|250.00|40.00|10.00|44.89||RWELD|
21|250.00|50.00|10.00|44.89||RWELD|
21|250.00|65.00|10.00|44.89||RWELD|
21|250.00|80.00|10.00|44.89||RWELD|
21|250.00|100.00|10.00|44.89||RWELD|
21|250.00|125.00|10.00|44.89||RWELD|
21|250.00|150.00|10.00|44.89||RWELD|
21|250.00|200.00|10.00|44.89||RWELD|
21|250.00|250.00|10.00|44.89||RWELD|
21|300.00|20.00|10.00|44.89||RWELD|
21|300.00|25.00|10.00|44.89||RWELD|
21|300.00|32.00|10.00|44.89||RWELD|
21|300.00|40.00|10.00|44.89||RWELD|
21|300.00|50.00|10.00|44.89||RWELD|
21|300.00|65.00|10.00|44.89||RWELD|
21|300.00|80.00|10.00|44.89||RWELD|
21|300.00|100.00|10.00|44.89||RWELD|
21|300.00|125.00|10.00|44.89||RWELD|
21|300.00|150.00|10.00|44.89||RWELD|
21|300.00|200.00|10.00|44.89||RWELD|
21|300.00|250.00|10.00|44.89||RWELD|
21|300.00|300.00|10.00|44.89||RWELD|
21|350.00|150.00|10.0|44.89||RWELD|
21|350.00|200.00|10.0|44.89||RWELD|
21|350.00|250.00|10.0|44.89||RWELD|
21|350.00|300.00|10.0|44.89||RWELD|
21|400.00|150.00|10.0|44.89||RWELD|
21|400.00|200.00|10.0|44.89||RWELD|
21|400.00|250.00|10.0|44.89||RWELD|
21|50.00|20.00|45.10|89.90||RWELD|
21|50.00|25.00|45.10|89.90||RWELD|
21|50.00|32.00|45.10|89.90||RWELD|
21|50.00|40.00|45.10|89.90||RWELD|
21|50.00|50.00|45.10|89.90||RWELD|
21|65.00|20.00|45.10|89.90||RWELD|
21|65.00|25.00|45.10|89.90||RWELD|
21|65.00|32.00|45.10|89.90||RWELD|
21|65.00|40.00|45.10|89.90||RWELD|
21|65.00|50.00|45.10|89.90||RWELD|
21|65.00|65.00|45.10|89.90||RWELD|
21|80.00|20.00|45.10|89.90||RWELD|
21|80.00|25.00|45.10|89.90||RWELD|
21|80.00|32.00|45.10|89.90||RWELD|
21|80.00|40.00|45.10|89.90||RWELD|
21|80.00|50.00|45.10|89.90||RWELD|
21|80.00|65.00|45.10|89.90||RWELD|
21|80.00|80.00|45.10|89.90||RWELD|
21|100.00|20.00|45.10|89.90||RWELD|
21|100.00|25.00|45.10|89.90||RWELD|
21|100.00|32.00|45.10|89.90||RWELD|
21|100.00|40.00|45.10|89.90||RWELD|
21|100.00|50.00|45.10|89.90||RWELD|
21|100.00|65.00|45.10|89.90||RWELD|
21|100.00|80.00|45.10|89.90||RWELD|
21|100.00|100.00|45.10|89.90||RWELD|
21|125.00|20.00|45.10|89.90||RWELD|
21|125.00|25.00|45.10|89.90||RWELD|
21|125.00|32.00|45.10|89.90||RWELD|
21|125.00|40.00|45.10|89.90||RWELD|
21|125.00|50.00|45.10|89.90||RWELD|
21|125.00|65.00|45.10|89.90||RWELD|
21|125.00|80.00|45.10|89.90||RWELD|
21|125.00|100.00|45.10|89.90||RWELD|
21|125.00|125.00|45.10|89.90||RWELD|
21|150.00|20.00|45.10|89.90||RWELD|
21|150.00|25.00|45.10|89.90||RWELD|
21|150.00|32.00|45.10|89.90||RWELD|
21|150.00|40.00|45.10|89.90||RWELD|
21|150.00|50.00|45.10|89.90||RWELD|
21|150.00|65.00|45.10|89.90||RWELD|
21|150.00|80.00|45.10|89.90||RWELD|
21|150.00|100.00|45.10|89.90||RWELD|
21|150.00|125.00|45.10|89.90||RWELD|
21|150.00|150.00|45.10|89.90||RWELD|
21|200.00|20.00|45.10|89.90||RWELD|
21|200.00|25.00|45.10|89.90||RWELD|
21|200.00|32.00|45.10|89.90||RWELD|
21|200.00|40.00|45.10|89.90||RWELD|
21|200.00|50.00|45.10|89.90||RWELD|
21|200.00|65.00|45.10|89.90||RWELD|
21|200.00|80.00|45.10|89.90||RWELD|
21|200.00|100.00|45.10|89.90||RWELD|
21|200.00|125.00|45.10|89.90||RWELD|
21|200.00|150.00|45.10|89.90||RWELD|
21|200.00|200.00|45.10|89.90||RWELD|
21|250.00|20.00|45.10|89.90||RWELD|
21|250.00|25.00|45.10|89.90||RWELD|
21|250.00|32.00|45.10|89.90||RWELD|
21|250.00|40.00|45.10|89.90||RWELD|
21|250.00|50.00|45.10|89.90||RWELD|
21|250.00|65.00|45.10|89.90||RWELD|
21|250.00|80.00|45.10|89.90||RWELD|
21|250.00|100.00|45.10|89.90||RWELD|
21|250.00|125.00|45.10|89.90||RWELD|
21|250.00|150.00|45.10|89.90||RWELD|
21|250.00|200.00|45.10|89.90||RWELD|
21|250.00|250.00|45.10|89.90||RWELD|
21|300.00|20.00|45.10|89.90||RWELD|
21|300.00|25.00|45.10|89.90||RWELD|
21|300.00|32.00|45.10|89.90||RWELD|
21|300.00|40.00|45.10|89.90||RWELD|
21|300.00|50.00|45.10|89.90||RWELD|
21|300.00|65.00|45.10|89.90||RWELD|
21|300.00|80.00|45.10|89.90||RWELD|
21|300.00|100.00|45.10|89.90||RWELD|
21|300.00|125.00|45.10|89.90||RWELD|
21|300.00|150.00|45.10|89.90||RWELD|
21|300.00|200.00|45.10|89.90||RWELD|
21|300.00|250.00|45.10|89.90||RWELD|
21|300.00|300.00|45.10|89.90||RWELD|
21|350.00|150.00|45.10|89.90||RWELD|
21|350.00|200.00|45.10|89.90||RWELD|
21|350.00|250.00|45.10|89.90||RWELD|
21|350.00|300.00|45.10|89.90||RWELD|
21|400.00|150.00|45.10|89.90||RWELD|
21|400.00|200.00|45.10|89.90||RWELD|
21|400.00|250.00|45.10|89.90||RWELD|
21|50.00|20.00|90.10|179.9||RWELD|
21|50.00|25.00|90.10|179.9||RWELD|
21|50.00|32.00|90.10|179.9||RWELD|
21|50.00|40.00|90.10|179.9||RWELD|
21|50.00|50.00|90.10|179.9||RWELD|
21|65.00|20.00|90.10|179.9||RWELD|
21|65.00|25.00|90.10|179.9||RWELD|
21|65.00|32.00|90.10|179.9||RWELD|
21|65.00|40.00|90.10|179.9||RWELD|
21|65.00|50.00|90.10|179.9||RWELD|
21|65.00|65.00|90.10|179.9||RWELD|
21|80.00|20.00|90.10|179.9||RWELD|
21|80.00|25.00|90.10|179.9||RWELD|
21|80.00|32.00|90.10|179.9||RWELD|
21|80.00|40.00|90.10|179.9||RWELD|
21|80.00|50.00|90.10|179.9||RWELD|
21|80.00|65.00|90.10|179.9||RWELD|
21|80.00|80.00|90.10|179.9||RWELD|
21|100.00|20.00|90.10|179.9||RWELD|
21|100.00|25.00|90.10|179.9||RWELD|
21|100.00|32.00|90.10|179.9||RWELD|
21|100.00|40.00|90.10|179.9||RWELD|
21|100.00|50.00|90.10|179.9||RWELD|
21|100.00|65.00|90.10|179.9||RWELD|
21|100.00|80.00|90.10|179.9||RWELD|
21|100.00|100.00|90.10|179.9||RWELD|
21|125.00|20.00|90.10|179.9||RWELD|
21|125.00|25.00|90.10|179.9||RWELD|
21|125.00|32.00|90.10|179.9||RWELD|
21|125.00|40.00|90.10|179.9||RWELD|
21|125.00|50.00|90.10|179.9||RWELD|
21|125.00|65.00|90.10|179.9||RWELD|
21|125.00|80.00|90.10|179.9||RWELD|
21|125.00|100.00|90.10|179.9||RWELD|
21|125.00|125.00|90.10|179.9||RWELD|
21|150.00|20.00|90.10|179.9||RWELD|
21|150.00|25.00|90.10|179.9||RWELD|
21|150.00|32.00|90.10|179.9||RWELD|
21|150.00|40.00|90.10|179.9||RWELD|
21|150.00|50.00|90.10|179.9||RWELD|
21|150.00|65.00|90.10|179.9||RWELD|
21|150.00|80.00|90.10|179.9||RWELD|
21|150.00|100.00|90.10|179.9||RWELD|
21|150.00|125.00|90.10|179.9||RWELD|
21|150.00|150.00|90.10|179.9||RWELD|
21|200.00|20.00|90.10|179.9||RWELD|
21|200.00|25.00|90.10|179.9||RWELD|
21|200.00|32.00|90.10|179.9||RWELD|
21|200.00|40.00|90.10|179.9||RWELD|
21|200.00|50.00|90.10|179.9||RWELD|
21|200.00|65.00|90.10|179.9||RWELD|
21|200.00|80.00|90.10|179.9||RWELD|
21|200.00|100.00|90.10|179.9||RWELD|
21|200.00|125.00|90.10|179.9||RWELD|
21|200.00|150.00|90.10|179.9||RWELD|
21|200.00|200.00|90.10|179.9||RWELD|
21|250.00|20.00|90.10|179.9||RWELD|
21|250.00|25.00|90.10|179.9||RWELD|
21|250.00|32.00|90.10|179.9||RWELD|
21|250.00|40.00|90.10|179.9||RWELD|
21|250.00|50.00|90.10|179.9||RWELD|
21|250.00|65.00|90.10|179.9||RWELD|
21|250.00|80.00|90.10|179.9||RWELD|
21|250.00|100.00|90.10|179.9||RWELD|
21|250.00|125.00|90.10|179.9||RWELD|
21|250.00|150.00|90.10|179.9||RWELD|
21|250.00|200.00|90.10|179.9||RWELD|
21|250.00|250.00|90.10|179.9||RWELD|
21|300.00|20.00|90.10|179.9||RWELD|
21|300.00|25.00|90.10|179.9||RWELD|
21|300.00|32.00|90.10|179.9||RWELD|
21|300.00|40.00|90.10|179.9||RWELD|
21|300.00|50.00|90.10|179.9||RWELD|
21|300.00|65.00|90.10|179.9||RWELD|
21|300.00|80.00|90.10|179.9||RWELD|
21|300.00|100.00|90.10|179.9||RWELD|
21|300.00|125.00|90.10|179.9||RWELD|
21|300.00|150.00|90.10|179.9||RWELD|
21|300.00|200.00|90.10|179.9||RWELD|
21|300.00|250.00|90.10|179.9||RWELD|
21|300.00|300.00|90.10|179.9||RWELD|
21|350.00|150.00|90.10|179.9||RWELD|
21|350.00|200.00|90.10|179.9||RWELD|
21|350.00|250.00|90.10|179.9||RWELD|
21|350.00|300.00|90.10|179.9||RWELD|
21|400.00|150.00|90.10|179.9||RWELD|
21|400.00|200.00|90.10|179.9||RWELD|
21|400.00|250.00|90.10|179.9||RWELD|
