 C15x50		15.000	0.716	3.716	0.650
 C15x40		15.000	0.520	3.520	0.650
 C15x33.9	15.000	0.400	3.400	0.650
 C12x30		12.000	0.510	3.170	0.501
 C12x25		12.000	0.387	3.047	0.501
 C12x20.7	12.000	0.280	2.940	0.501
 C10x30		10.000	0.673	3.033	0.436
 C10x25		10.000	0.526	2.886	0.436
 C10x20		10.000	0.379	2.739	0.436
 C10x15.3	10.000	0.240	2.600	0.436
 C9x20		9.000	0.448	2.648	0.413
 C9x15		9.000	0.285	2.485	0.413
 C9x13.4	9.000	0.230	2.430	0.413
 C8x18.75	8.000	0.487	2.527	0.390
 C8x13.75	8.000	0.303	2.343	0.390
 C8x11.5	8.000	0.220	2.260	0.390
 C7x14.75	7.000	0.419	2.299	0.366
 C7x12.25	7.000	0.314	2.194	0.366
 C7x9.8		7.000	0.210	2.090	0.366
 C6x13		6.000	0.437	2.157	0.343
 C6x10.5	6.000	0.314	2.034	0.343
 C6x8.2		6.000	0.200	1.920	0.343
 C5x9		5.000	0.325	1.885	0.320
 C5x6.7		5.000	0.190	1.750	0.320
 C4x7.25	4.000	0.320	1.720	0.296
 C4x5.4		4.000	0.180	1.580	0.296
 C3x6		3.000	0.356	1.569	0.273
 C3x5		3.000	0.258	1.498	0.273
 C3x4.1		3.000	0.170	1.410	0.273
 MC18x58	18.000	0.700	4.200	0.625
 MC18x51.9	18.000	0.600	4.100	0.625
 MC18x45.8	18.000	0.500	4.000	0.625
 MC18x42.7	18.000	0.450	3.950	0.625
 MC13x50	13.000	0.787	4.412	0.610
 MC13x40	13.000	0.560	4.185	0.610
 MC13x35	13.000	0.447	4.072	0.610
 MC13x31.8	13.000	0.375	4.000	0.610
 MC12x50	12.000	0.835	4.135	0.700
 MC12x45	12.000	0.712	4.012	0.700
 MC12x40	12.000	0.590	3.890	0.700
 MC12x35	12.000	0.460	3.767	0.700
 MC12x37	12.000	0.600	3.600	0.600
 MC12x32.9	12.000	0.500	3.500	0.600
 MC12x30.9	12.000	0.450	3.450	0.600
 MC12x10.6	12.000	0.190	1.500	0.309
 MC10x41.1	10.000	0.796	4.312	0.575
 MC10x33.6	10.000	0.575	4.100	0.575
 MC10x28.5	10.000	0.425	3.950	0.575
 MC10x28.3	10.000	0.477	3.502	0.575
 MC10x25.3	10.000	0.425	3.550	0.500
 MC10x24.9	10.000	0.377	3.402	0.575
 MC10x21.9	10.000	0.325	3.450	0.500
 MC10x8.4	10.000	0.170	1.500	0.280
 MC10x6.5	10.000	0.152	1.127	0.202
 MC9x25.4	9.000	0.450	3.500	0.550
 MC9x23.9	9.000	0.400	3.450	0.550
 MC8x22.8	8.000	0.427	3.502	0.525
 MC8x21.4	8.000	0.375	3.450	0.525
 MC8x20		8.000	0.400	3.025	0.500
 MC8x18.7	8.000	0.353	2.978	0.500
 MC8x8.5	8.000	0.179	1.874	0.311
 MC7x22.7	7.000	0.503	3.603	0.500
 MC7x19.1	7.000	0.352	3.452	0.500
 MC7x17.6	7.000	0.375	3.000	0.475
 MC6x18		6.000	0.379	3.504	0.475
 MC6x15.3	6.000	0.340	3.500	0.385
 MC6x16.3	6.000	0.375	3.000	0.475
 MC6x15.1	6.000	0.316	2.941	0.475
 MC6x12		6.000	0.310	2.497	0.375
