!
!	File:	fstnr.dat
!
!	Author:	J.H.Kidd  I(UK) Dec 1989
!
!	This file is the data file for the metric fasteners for fastener.u
!	program.
!
!	This file may be added to edited or replaced at the users risc!
!	
!	The structure of the file is described at the end of this file.
!
!	The most likely field to be edited are the ones used to make up
!	the partnumber in mdu, which are in the first line fo the data &
!	the second field in each diameter set.
!
!	Note that the ! character denotes the comments in the header only
!	No comments can be placed in with the data, though they may be added
!	to this header or after the data block
!
---------------------- start of data --------------------------------------
 BOLT-   NUT-   CHS-   CSS-   STUD-

   3.00 M3
   2.00  5.500  6.400  5.080  0.100  0.300  0.500  2.400  0.00  1.200
  12.00  0.00  0.00
   1.000 5.500  2.500  1.700  6.720  2.00  1.050  1.860  7.00  0.500
   5.00   6.00   8.00  10.00  12.00   0.00   0.00   0.00   0.00   0.00
  14.00  16.00  20.00  25.00  30.00   0.00   0.00   0.00   0.00   0.00
   0.00   0.00   0.00   0.00   0.00   0.00   0.00   0.00   0.00   0.00
   0.00   0.00   0.00   0.00   0.00   0.00
   0.00   0.00   0.00   0.00   0.00   0.00   0.00   0.00
   0.00   0.00   0.00   0.00   0.00   0.00
   0.00   0.00   0.00   0.00   0.00   0.00   0.00   0.00   0.00
   0.00   0.00   0.00   0.00   0.00   0.00
   3.700  3.600  6.500

   4.00 M4
   2.800  7.00  8.100  6.550  0.100  0.350  0.700  3.200  0.00  1.600
  14.00  0.00  0.00
   1.000 7.00  3.00  2.400  8.920  2.500  1.490  2.480  9.00  0.800
   5.00   6.00   8.00  10.00  12.00  14.00  16.00   0.00   0.00   0.00
  20.00  25.00  30.00  35.00  40.00  45.00  50.00  55.00  60.00  65.00
  70.00  80.00   0.00   0.00   0.00   0.00   0.00   0.00   0.00   0.00
   0.00   0.00   0.00   0.00   0.00   0.00
  25.00  30.00  35.00  40.00  45.00  50.00   0.00   0.00
   0.00   0.00   0.00   0.00   0.00   0.00
   7.00  13.00  13.00  13.00  20.00  20.00   0.00   0.00   0.00
   0.00   0.00   0.00   0.00   0.00   0.00
   4.800  4.700  8.250

   5.00 M5
   3.500  8.00  9.200  7.550  0.200  0.350  0.800  4.00  0.00  2.00
  16.00  0.00  0.00
   1.000  8.500  4.00  3.100 11.200  3.00  1.860  3.100 10.00  1.00
   6.00   8.00  10.00  12.00  14.00  16.00   0.00   0.00   0.00   0.00
  20.00  25.00  30.00  35.00  40.00  45.00  50.00  55.00  60.00  65.00
  70.00  75.00  80.00  85.00  90.00   0.00   0.00   0.00   0.00   0.00
   0.00   0.00   0.00   0.00   0.00   0.00
  25.00  30.00  35.00  40.00  45.00  50.00   0.00   0.00
   0.00   0.00   0.00   0.00   0.00   0.00
   8.00  13.00  13.00  13.00  20.00  20.00   0.00   0.00   0.00
   0.00   0.00   0.00   0.00   0.00   0.00
   5.800  5.700  9.750

   6.00 M6
   4.00 10.00 11.500  9.480  0.300  0.400  1.00  5.00  0.00  2.500
  18.00  0.00  0.00
  1.000 10.00  5.00  3.780 13.440  4.00  2.160  3.720 12.500  1.600
   6.00   8.00  10.00  12.00  14.00  16.00  20.00   0.00   0.00   0.00
  25.00  30.00  35.00  40.00  45.00  50.00  55.00  60.00  65.00  70.00
  75.00  80.00  85.00  90.00 100.00 110.00   0.00   0.00   0.00   0.00
   0.00   0.00   0.00   0.00   0.00   0.00
  25.00  30.00  35.00  40.00  45.00  50.00  60.00  70.00
  80.00  90.00 100.00 125.00   0.00   0.00
  10.00  13.00  13.00  13.00  20.00  20.00  60.00  60.00  70.00
  80.00  90.00 100.00 125.00   0.00   0.00
   6.800  6.800 11.250

   8.00 M8
   5.500 13.00 15.00 12.430  0.400  0.600  1.250  6.500  5.00  3.00
  22.00  0.00  0.00
  1.000 13.00  6.00  4.780 17.920  5.00  2.850  4.960 17.00  1.600
   8.00  10.00  12.00  14.00  16.00  20.00  25.00   0.00   0.00   0.00
  30.00  35.00  40.00  45.00  50.00  55.00  60.00  65.00  70.00  75.00
  80.00  85.00  90.00 100.00 110.00 120.00 130.00 140.00 150.00 160.00
   0.00   0.00   0.00   0.00   0.00   0.00
  40.00  50.00  60.00  70.00  80.00  90.00 100.00 125.00
 150.00 175.00 200.00   0.00   0.00   0.00
  13.00  25.00  30.00  30.00  30.00  40.00  40.00  40.00  40.00
  40.00  40.00  40.00   0.00   0.00   0.00
   8.800  9.200 14.250

  10.00 M10
   7.00 17.00 19.600 16.430  0.400  0.600  1.500  8.00  6.00  3.500
  26.00 32.00  0.00
  1.000 16.00  8.00  6.350 22.400  6.00  3.600  6.200 21.00  2.00
   8.00  10.00  12.00  14.00  16.00  20.00  25.00  30.00   0.00   0.00
  35.00  40.00  45.00  50.00  55.00  60.00  65.00  70.00  75.00  80.00
  85.00  90.00 100.00 110.00 120.00 130.00 140.00 150.00 160.00 170.00
 180.00   0.00   0.00   0.00   0.00   0.00
  40.00  50.00  60.00  70.00  80.00  90.00 100.00 125.00
 150.00 175.00 200.00   0.00   0.00   0.00
  15.00  20.00  30.00  30.00  30.00  40.00  40.00  40.00  40.00
  40.00  40.00  40.00   0.00   0.00   0.00
  10.800 11.200 17.250

  12.000 M12
   8.000 19.000 21.900 18.430  0.400  1.100  1.750 10.000  7.000  4.000
  30.000 36.000  0.000
  1.000 18.000 10.000  7.500 26.880  8.000  4.350  7.440 24.000  2.500
  10.00  12.00  14.00  16.00  20.00  25.00  30.00  35.00   0.00   0.00
  40.00  45.00  50.00  55.00  60.00  65.00  70.00  75.00  80.00  85.00
  90.00 100.00 110.00 120.00 130.00 140.00 150.00 160.00 170.00 180.00
 190.00 200.00   0.00   0.00   0.00   0.00
  50.00  60.00  70.00  80.00  90.00 100.00 125.00 150.00
 175.00 200.00 225.00 250.00 275.00 300.00
  19.00  40.00  40.00  40.00  40.00  40.00  65.00  65.00  65.00
  65.00  65.00  65.00  65.00  65.00  65.00
  12.800 14.200 19.250

  14.000 M14
   9.000 22.000 25.400 21.370  0.400  1.100  2.000 11.000  8.000  5.000
  34.000 40.000  0.000
  1.000  0.000  0.000  0.000  0.000  0.000  0.000  0.000 28.000  2.500
  10.00  12.00  14.00  16.00  20.00  25.00  30.00  35.00  40.00   0.00
  45.00  50.00  55.00  60.00  65.00  70.00  75.00  80.00  85.00  90.00
 100.00 110.00 120.00 130.00 140.00 150.00 160.00 170.00 180.00 190.00
 200.00 200.00   0.00   0.00   0.00   0.00
  60.00  70.00  80.00  90.00 100.00 125.00 150.00 175.00
 200.00 225.00 250.00 275.00 300.00   0.00
  21.00  40.00  40.00  40.00  40.00  40.00  65.00  65.00  65.00
  65.00  65.00  65.00  65.00  65.00   0.00
  14.750 16.200 22.250

  16.000 M16
  10.000 24.000 27.700 23.270  0.400  1.100  2.000 13.000  8.000  5.000
  38.000 44.000 57.000
  1.000 24.000 14.000  9.700 33.600 10.000  4.890  8.800 30.000  3.000
  12.00  14.00  16.00  20.00  25.00  30.00  35.00  40.00   0.00   0.00
  45.00  50.00  55.00  60.00  65.00  70.00  75.00  80.00  85.00  90.00
 100.00 110.00 120.00 130.00 140.00 150.00 160.00 170.00 180.00 190.00
 200.00 200.00   0.00   0.00   0.00   0.00
  70.00  75.00  80.00  90.00 100.00 125.00 150.00 175.00
 200.00 225.00 250.00 275.00 300.00   0.00
  24.00  40.00  40.00  40.00  40.00  40.00  65.00  65.00  65.00
  65.00  65.00  65.00  65.00  65.00   0.00
  16.750 18.200 25.500

  18.000 M18
  12.000 27.000 31.200 26.270  0.400  1.100  2.500 15.000  9.000  6.000
  42.000 48.000 61.000
  1.000  0.000  0.000  0.000  0.000  0.000  0.000  0.000 34.000  3.000
  16.00  20.00  25.00  30.00  35.00  40.00  45.00   0.00   0.00   0.00
  50.00  55.00  60.00  65.00  70.00  75.00  80.00  85.00  90.00 100.00
 110.00 120.00 130.00 140.00 150.00 160.00 170.00 180.00 190.00 200.00
 220.00   0.00   0.00   0.00   0.00   0.00
  70.00  75.00  80.00  90.00 100.00 125.00 150.00 175.00
 200.00 225.00 250.00 275.00 300.00   0.00
  28.00  50.00  50.00  50.00  50.00  50.00  65.00  65.00  65.00
  65.00  65.00  65.00  65.00  65.00   0.00
  18.750 20.200 28.500

  20.000 M20
  13.000 30.000 34.600 29.270  0.400  1.200  2.500 16.000  9.000  6.000
  46.000 52.000 65.000
  1.000 30.000 17.000 11.800 40.320 12.000  5.450 10.160 37.000  3.000
  16.00  20.00  25.00  30.00  35.00  40.00  45.00  50.00   0.00   0.00
  55.00  60.00  65.00  70.00  75.00  80.00  85.00  90.00 100.00 110.00
 120.00 130.00 140.00 150.00 160.00 170.00 180.00 190.00 200.00 220.00
   0.00   0.00   0.00   0.00   0.00   0.00
  80.00  90.00 100.00 125.00 150.00 175.00 200.00 225.00
 250.00 275.00 300.00   0.00   0.00   0.00
  30.00  50.00  50.00  65.00  65.00  65.00  65.00  65.00  65.00
  65.00  65.00  65.00   0.00   0.00   0.00
  20.750 22.400 31.500

  22.00 M22
  14.00 32.00 36.900 31.210  0.400  1.200  2.500 18.00 10.00  6.00
  50.00 56.00 69.00
  1.000  0.00  0.00  0.00  0.00  0.00  0.00  0.00 39.00  3.00
  16.00  20.00  25.00  30.00  35.00  40.00  45.00  50.00  55.00   0.00
  60.00  65.00  70.00  75.00  80.00  85.00  90.00 100.00 110.00 120.00
 130.00 140.00 150.00 160.00 170.00 180.00 190.00 200.00 220.00   0.00
   0.00   0.00   0.00   0.00   0.00   0.00
   0.00   0.00   0.00   0.00   0.00   0.00   0.00   0.00
   0.00   0.00   0.00   0.00   0.00   0.00
   0.00   0.00   0.00   0.00   0.00   0.00   0.00   0.00   0.00
   0.00   0.00   0.00   0.00   0.00   0.00
  22.750 24.400 34.500

  24.00 M24
  15.00  36.00  41.60 34.980  0.500  1.200   3.00  19.00  10.00   7.00
  54.00  60.00  73.00
  1.000  36.00  18.00  14.00   0.00   0.00   0.00   0.00  44.00   4.00
  16.00  20.00  25.00  30.00  35.00  40.00  45.00  50.00  55.00  60.00
  65.00  70.00  75.00  80.00  85.00  90.00 100.00 110.00 120.00 130.00
 140.00 150.00 160.00 170.00 180.00 190.00 200.00 220.00 240.00 260.00
 280.00 300.00 325.00 350.00 375.00 400.00
 100.00 125.00 150.00 175.00 200.00 225.00 250.00 275.00
 300.00   0.00   0.00   0.00   0.00   0.00
  38.00  65.00  65.00  65.00  65.00  65.00  65.00  65.00  65.00
  65.00   0.00   0.00   0.00   0.00   0.00
  24.750 26.400 37.500

  27.00 M27
  17.00  41.00  47.300 39.98  0.500  1.700   3.00  22.00  12.00   7.00
  60.00  66.00  79.00
   1.00   0.00   0.00   0.00   0.00   0.00   0.00   0.00  50.00   4.00
  16.00  20.00  25.00  30.00  35.00  40.00  45.00  50.00  55.00  60.00
  70.00  75.00  80.00  85.00  90.00 100.00 110.00 120.00 130.00 140.00
 150.00 160.00 170.00 180.00 190.00 200.00 220.00 240.00 260.00 280.00
 300.00 325.00 350.00 375.00 400.00   0.00
   0.00   0.00   0.00   0.00   0.00   0.00   0.00   0.00
   0.00   0.00   0.00   0.00   0.00   0.00
   0.00   0.00   0.00   0.00   0.00   0.00   0.00   0.00   0.00
   0.00   0.00   0.00   0.00   0.00   0.00
  28.750 30.400 42.500

  30.00 M30
  19.00 46.00 53.100 44.980  0.500  1.700  3.500 24.00 12.00  8.00
  66.00 72.00 85.00
  1.000   0.00   0.00   0.00   0.00   0.00   0.00   0.00  56.00   4.00
  35.00  40.00  45.00  50.00  55.00  60.00  65.00  70.00  75.00  80.00
  85.00  90.00 100.00 110.00 120.00 130.00 140.00 150.00 160.00 170.00
 180.00 190.00 200.00 220.00 240.00 260.00 280.00 300.00 325.00 350.00
 375.00 400.00   0.00   0.00   0.00   0.00
   0.00   0.00   0.00   0.00   0.00   0.00   0.00   0.00
   0.00   0.00   0.00   0.00   0.00   0.00
   0.00   0.00   0.00   0.00   0.00   0.00   0.00   0.00   0.00
   0.00   0.00   0.00   0.00   0.00   0.00
  31.750 33.400 47.500

  33.00 M33
  21.00  50.00 57.700 48.980  0.500  1.700  3.500  26.00  14.00   8.00
  72.00  78.00  91.00
  1.000   0.00   0.00   0.00   0.00   0.00   0.00   0.00  60.00   5.00
  35.00  40.00  45.00  50.00  55.00  60.00  65.00  70.00  75.00  80.00
  90.00 100.00 110.00 120.00 130.00 140.00 150.00 160.00 170.00 180.00
 190.00 200.00 220.00 240.00 260.00 280.00 300.00 325.00 350.00 375.00
 400.00   0.00   0.00   0.00   0.00   0.00
   0.00   0.00   0.00   0.00   0.00   0.00   0.00   0.00
   0.00   0.00   0.00   0.00   0.00   0.00
   0.00   0.00   0.00   0.00   0.00   0.00   0.00   0.00   0.00
   0.00   0.00   0.00   0.00   0.00   0.00
  34.750 36.400 53.500

0.0 ---------------------- end of data -----------------------------------------

	DATA FORMAT
	-----------

	The first line of data gives:

	BB   NN   CH   CS   SS

	where:
		BB = 1st string of partnumber for a BOLT
		NN = 1st string of partnumber for a NUT
		CH = 1st string of partnumber for a CAPHEAD SCREW
		CS = 1st string of partnumber for a COUNTERSUNK SCREW
		SS = 1st string of partnumber for a STUD

	PART NUMBER GENERATION ( mdc product ):

	The partnumber used in 'mdc' is made up from this first field and
	the partnumber fields associated with each diameter (2nd field in each
	diameter data block)

	eg: with the above data a 10mm bolt has the partnumber = BOLT-M10

	Note:	the maximum number of characters in the partnumber made up
		from these two fields is 16

	
	DIMENSIONS OF BOLTS, NUTS etc:

	Each diameter has 11 lines of data separated by a blank line

	ALL DATA MUST BE DEFINED FOR EACH DIA EVEN IF ALL = ZERO!

	all data are doubes except partnumber data which is char *.

	The data is arranged as follows with explanation below:
	( Note that the spacing on each line is not critical )

********************************************************************************
   dia   partnum
   ht      waf    wac    wfd    wft    ruh    ptch    nht    nhtt    thro 
   thl1    thl2   thl3 
   chd     chaf   chs    cshd   csaf   css    csht    wd     wth 
   sclen[0]....sclen[9]
   blen[0]....blen[9]
   blen[10]....blen[19]
   blen[20]....blen[25]
   slen[0]....slen[7]
   slen[8]....slen[13] 
   sthl1    sthl2[0]....sthl2[7]
   sthl2[8]....sthl2[13] 
   holecf   holecf   holecbd
				<-------- blank line here
********************************************************************************


    dia;       /* nominal diameter  */
    partnum;   // part number - second string
    ht;        /* head thickness    */
    waf;       /* width across flats */
    wac;       /* width across corners  */
    wfd;       /* washer face dia       */
    wft;       /* washer face thickness */
    ruh;       /* radius under head     */
    ptch;      /* thread pitch          */
    nht;       /* nut head thickness    */
    nhtt;      /* nut head thickness - thin */
    thro;      /* thread run out        */
    thl1;      /* bolt thread length len<125 */
    thl2;      /* bolt thread length 125<len<200 */
    thl3;      /* bolt thread length l>200   */
    chd;       /* cap head diameter     */
    chaf;      /* cap head width across flats */
    chs;       /* cap head hex recess   */
    cshd;      /* countersunk head dia  */
    csaf;      /* countersunk across flats */
    css;       /* countersunk hex recess */
    csht;      /* countersunk head thickness */
    wd;	     // nominal washer diameter
    wth;	     // nominal washer thickness
    sclen[11]; /* nominal screw lengths  */
    blen[26];  /* nominal bolt lengths & screws */
    slen[14];  // nominal stud lengths
    sthl1;     // fixed end thread lengths fo studs
    sthl2[14]; // free end thread lengths for studs
    holed;     // hole diameter
    holecf;    // hole chamfer
    holecbd;   // hole counterbore diameter

