0|0.|0.|
0|.5|15.|
0|.75|20.|
0|1.|25.|
0|1.25|32.|
0|1.5|40.|
0|2.|50.|
0|3.|80.|
0|4.|100.|
0|5.|125.|
0|6.|150.|
0|8.|200.|
0|10.|250.|
0|12.|300.|
0|14.|350.|
0|16.|400.|
0|18.|450.|
0|20.|500.|
0|22.|550.|
0|24.|600.|
0|26.|650.|
0|28.|700.|
0|30.|750.|
0|32.|800.|
0|34.|850.|
0|36.|900.|
998|.5|15.|
998|.75|20.|
998|1.|25.|
998|1.5|40.|
998|2.|50.|
998|3.|80.|
998|4.|100.|
998|5.|125.|
998|6.|150.|
998|8.|200.|
998|10.|250.|
998|12.|300.|
998|14.|350.|
998|16.|400.|
998|18.|450.|
998|20.|500.|
998|22.|550.|
998|24.|600.|
998|26.|650.|
998|28.|700.|
998|30.|750.|
998|32.|800.|
998|34.|850.|
998|36.|900.|
999|15.|.5|
999|20.|.75|
999|25.|1.|
999|32.|1.25|
999|40.|1.5|
999|50.|2.|
999|80.|3.|
999|100.|4.|
999|125.|5.|
999|150.|6.|
999|200.|8.|
999|250.|10.|
999|300.|12.|
999|350.|14.|
999|400.|16.|
999|450.|18.|
999|500.|20.|
999|550.|22.|
999|600.|24.|
999|650.|26.|
999|700.|28.|
999|750.|30.|
999|800.|32.|
999|850.|34.|
999|900.|36.|
33|0.|0.|
33|15.|15.|
33|20.|20.|
33|25.|25.|
33|32.|32.|
33|40.|40.|
33|50.|50.|
33|65.|65.|
33|80.|80.|
33|100.|100.|
33|125.|125.|
33|150.|150.|
33|200.|200.|
33|250.|250.|
33|300.|300.|
33|350.|350.|
33|400.|400.|
33|450.|450.|
