.75_RF_150#_B16.5|1|0.000000|0.500000|1.050000|3.875000|
1_RF_150#_B16.5|1|0.000000|0.562500|1.315000|4.250000|
1.25_RF_150#_B16.5|1|0.000000|0.630000|1.660000|4.600000|
1.5_RF_150#_B16.5|1|0.000000|0.687500|1.900000|5.000000|
2_RF_150#_B16.5|1|0.000000|0.750000|2.375000|6.000000|
3_RF_150#_B16.5|1|0.000000|0.937500|3.500000|7.500000|
4_RF_150#_B16.5|1|0.000000|0.937500|4.500000|9.000000|
5_RF_150#_B16.5|1|0.000000|0.937500|5.563000|13.740000|
6_RF_150#_B16.5|1|0.000000|1.000000|6.625000|11.000000|
8_RF_150#_B16.5|1|0.000000|1.125000|8.625000|13.500000|
10_RF_150#_B16.5|1|0.000000|1.187500|10.750000|16.000000|
12_RF_150#_B16.5|1|0.000000|1.250000|12.750000|19.000000|
14_RF_150#_B16.5|1|0.000000|1.375000|14.000000|21.000000|
16_RF_150#_B16.5|1|0.000000|1.437500|16.000000|23.500000|
18_RF_150#_B16.5|1|0.000000|1.562500|18.000000|25.000000|
20_RF_150#_B16.5|1|0.000000|1.687500|20.000000|27.500000|
24_RF_150#_B16.5|1|0.000000|1.875000|24.000000|32.000000|
.75_RF_300#_B16.5|1|0.000000|0.625000|1.297500|4.625000|
1_RF_300#_B16.5|1|0.000000|0.687500|1.558000|4.875000|
1.5_RF_300#_B16.5|1|0.000000|0.812500|2.155000|6.125000|
2_RF_300#_B16.5|1|0.000000|0.875000|2.375000|6.500000|
3_RF_300#_B16.5|1|0.000000|1.125000|3.500000|8.250000|
4_RF_300#_B16.5|1|0.000000|1.250000|4.500000|10.000000|
6_RF_300#_B16.5|1|0.000000|1.437500|6.625000|12.500000|
8_RF_300#_B16.5|1|0.000000|1.625000|8.625000|15.000000|
10_RF_300#_B16.5|1|0.000000|1.875000|10.750000|17.500000|
12_RF_300#_B16.5|1|0.000000|2.000000|12.750000|20.500000|
14_RF_300#_B16.5|1|0.000000|2.125000|14.000000|23.000000|
16_RF_300#_B16.5|1|0.000000|2.250000|16.000000|25.500000|
18_RF_300#_B16.5|1|0.000000|2.375000|18.000000|28.000000|
20_RF_300#_B16.5|1|0.000000|2.500000|20.000000|30.500000|
24_RF_300#_B16.5|1|0.000000|2.750000|24.000000|36.000000|
.75_RF_600#_B16.5|1|0.000000|0.875000|1.297500|4.625000|
1_RF_600#_B16.5|1|0.000000|0.937500|1.558000|4.875000|
1.5_RF_600#_B16.5|1|0.000000|1.125000|2.155000|6.125000|
2_RF_600#_B16.5|1|0.000000|1.250000|2.375000|6.500000|
3_RF_600#_B16.5|1|0.000000|1.500000|3.500000|8.250000|
4_RF_600#_B16.5|1|0.000000|1.750000|4.500000|10.750000|
6_RF_600#_B16.5|1|0.000000|2.125000|6.625000|14.000000|
8_RF_600#_B16.5|1|0.000000|2.437500|8.625000|16.500000|
10_RF_600#_B16.5|1|0.000000|2.750000|10.750000|20.000000|
12_RF_600#_B16.5|1|0.000000|2.875000|12.750000|22.000000|
14_RF_600#_B16.5|1|0.000000|3.000000|14.000000|23.750000|
16_RF_600#_B16.5|1|0.000000|3.250000|16.000000|27.000000|
18_RF_600#_B16.5|1|0.000000|3.500000|18.000000|29.250000|
20_RF_600#_B16.5|1|0.000000|3.750000|20.000000|32.000000|
24_RF_600#_B16.5|1|0.000000|4.250000|24.000000|37.000000|
26_RF_150#_MSS-SP44|1|0.000000|2.687500|26.000000|34.250000|
28_RF_150#_MSS-SP44|1|0.000000|2.812500|28.000000|36.500000|
30_RF_150#_MSS-SP44|1|0.000000|2.937500|30.000000|38.750000|
32_RF_150#_MSS-SP44|1|0.000000|3.187500|32.000000|41.750000|
34_RF_150#_MSS-SP44|1|0.000000|3.250000|34.000000|43.750000|
36_RF_150#_MSS-SP44|1|0.000000|3.562500|36.000000|46.000000|
26_RF_300#_MSS-SP44|1|0.000000|3.125000|26.000000|38.250000|
28_RF_300#_MSS-SP44|1|0.000000|3.375000|28.000000|40.750000|
30_RF_300#_MSS-SP44|1|0.000000|3.625000|30.000000|43.000000|
32_RF_300#_MSS-SP44|1|0.000000|3.875000|32.000000|45.250000|
34_RF_300#_MSS-SP44|1|0.000000|4.000000|34.000000|47.500000|
36_RF_300#_MSS-SP44|1|0.000000|4.125000|36.000000|50.000000|
26_RF_600#_MSS-SP44|1|0.000000|4.500000|26.000000|40.000000|
28_RF_600#_MSS-SP44|1|0.000000|4.625000|28.000000|42.250000|
30_RF_600#_MSS-SP44|1|0.000000|4.750000|30.000000|44.500000|
32_RF_600#_MSS-SP44|1|0.000000|4.875000|32.000000|47.000000|
34_RF_600#_MSS-SP44|1|0.000000|5.000000|34.000000|49.000000|
36_RF_600#_MSS-SP44|1|0.000000|5.125000|36.000000|51.750000|
26_RF_150#_API-605|1|0.000000|1.625000|26.000000|30.937500|
28_RF_150#_API-605|1|0.000000|1.750000|28.000000|32.937500|
30_RF_150#_API-605|1|0.000000|1.750000|30.000000|34.937500|
32_RF_150#_API-605|1|0.000000|1.812500|32.000000|37.062500|
34_RF_150#_API-605|1|0.000000|1.937500|34.000000|39.562500|
36_RF_150#_API-605|1|0.000000|2.062500|36.000000|41.625000|
.75_BW_B16.10M|1|0.000000|0.000000|1.050000|1.050000|
1_BW_B16.10M|1|0.000000|0.000000|1.315000|1.315000|
1.5_BW_B16.10M|1|0.000000|0.000000|1.900000|1.900000|
2_BW_B16.10M|1|0.000000|0.000000|2.375000|2.375000|
3_BW_B16.10M|1|0.000000|0.000000|3.500000|3.500000|
4_BW_B16.10M|1|0.000000|0.000000|4.500000|4.500000|
6_BW_B16.10M|1|0.000000|0.000000|6.625000|6.625000|
8_BW_B16.10M|1|0.000000|0.000000|8.625000|8.625000|
10_BW_B16.10M|1|0.000000|0.000000|10.750000|10.750000|
12_BW_B16.10M|1|0.000000|0.000000|12.750000|12.750000|
14_BW_B16.10M|1|0.000000|0.000000|14.000000|14.000000|
16_BW_B16.10M|1|0.000000|0.000000|16.000000|16.000000|
18_BW_B16.10M|1|0.000000|0.000000|18.000000|18.000000|
20_BW_B16.10M|1|0.000000|0.000000|20.000000|20.000000|
24_BW_B16.10M|1|0.000000|0.000000|24.000000|24.000000|
26_BW_B16.10M|1|0.000000|0.000000|26.000000|26.000000|
28_BW_B16.10M|1|0.000000|0.000000|28.000000|28.000000|
30_BW_B16.10M|1|0.000000|0.000000|30.000000|30.000000|
32_BW_B16.10M|1|0.000000|0.000000|32.000000|32.000000|
34_BW_B16.10M|1|0.000000|0.000000|34.000000|34.000000|
36_BW_B16.10M|1|0.000000|0.000000|36.000000|36.000000|
15_RF_150#_B16.5|20.00|0.00|11.50|21.30|89.00|
20_RF_150#_B16.5|20.00|0.00|12.70|26.67|98.42|
25_RF_150#_B16.5|20.00|0.00|14.29|33.40|107.95|
32_RF_150#_B16.5|20.00|0.00|16.00|42.16|116.84|
40_RF_150#_B16.5|20.00|0.00|17.46|48.26|127.00|
50_RF_150#_B16.5|20.00|0.00|19.05|60.32|152.40|
65_RF_150#_B16.5|20.00|0.00|23.81|73.00|178.00|
80_RF_150#_B16.5|20.00|0.00|23.81|88.90|190.50|
100_RF_150#_B16.5|20.00|0.00|23.81|114.30|228.60|
125_RF_150#_B16.5|20.00|0.00|23.81|141.30|249.00|
150_RF_150#_B16.5|20.00|0.00|25.40|168.27|279.40|
200_RF_150#_B16.5|20.00|0.00|28.57|219.07|342.90|
250_RF_150#_B16.5|20.00|0.00|30.16|273.05|406.40|
300_RF_150#_B16.5|20.00|0.00|31.75|323.85|482.60|
350_RF_150#_B16.5|20.00|0.00|34.92|355.60|533.40|
400_RF_150#_B16.5|20.00|0.00|36.51|406.40|596.90|
450_RF_150#_B16.5|20.00|0.00|39.69|457.20|635.00|
500_RF_150#_B16.5|20.00|0.00|42.86|508.00|698.50|
600_RF_150#_B16.5|20.00|0.00|47.63|609.60|812.80|
15_RF_300#_B16.5|20.00|0.00|14.50|21.30|95.00|
20_RF_300#_B16.5|20.00|0.00|16.00|26.67|117.00|
25_RF_300#_B16.5|20.00|0.00|17.50|33.40|124.00|
32_RF_300#_B16.5|20.00|0.00|19.50|42.16|133.00|
40_RF_300#_B16.5|20.00|0.00|20.64|48.26|155.57|
50_RF_300#_B16.5|20.00|0.00|22.22|60.32|165.10|
65_RF_300#_B16.5|20.00|0.00|25.50|73.00|191.10|
80_RF_300#_B16.5|20.00|0.00|28.57|88.90|209.55|
100_RF_300#_B16.5|20.00|0.00|31.75|114.30|254.00|
125_RF_300#_B16.5|20.00|0.00|35.00|141.30|279.00|
150_RF_300#_B16.5|20.00|0.00|36.51|168.27|317.50|
200_RF_300#_B16.5|20.00|0.00|41.27|219.07|381.00|
250_RF_300#_B16.5|20.00|0.00|47.63|273.05|444.50|
300_RF_300#_B16.5|20.00|0.00|50.80|323.85|520.70|
350_RF_300#_B16.5|20.00|0.00|53.97|355.60|584.20|
400_RF_300#_B16.5|20.00|0.00|57.15|406.40|647.70|
450_RF_300#_B16.5|20.00|0.00|60.32|457.20|711.20|
500_RF_300#_B16.5|20.00|0.00|63.50|508.00|774.70|
600_RF_300#_B16.5|20.00|0.00|69.85|609.60|914.40|
15_RF_600#_B16.5|20.00|0.00|19.50|21.30|95.00|
20_RF_600#_B16.5|20.00|0.00|20.64|32.96|117.00|
25_RF_600#_B16.5|20.00|0.00|23.81|39.57|123.00|
32_RF_600#_B16.5|20.00|0.00|25.50|42.16|133.00|
40_RF_600#_B16.5|20.00|0.00|28.57|54.74|155.57|
50_RF_600#_B16.5|20.00|0.00|31.75|60.32|165.10|
80_RF_600#_B16.5|20.00|0.00|38.10|88.90|209.55|
100_RF_600#_B16.5|20.00|0.00|44.45|114.30|273.05|
125_RF_600#_B16.5|20.00|0.00|47.63|141.30|279.00|
150_RF_600#_B16.5|20.00|0.00|53.97|168.27|355.60|
200_RF_600#_B16.5|20.00|0.00|61.91|219.07|419.10|
250_RF_600#_B16.5|20.00|0.00|69.85|273.05|508.00|
300_RF_600#_B16.5|20.00|0.00|73.02|323.85|558.80|
300_RF_600#_B16.5|20.00|0.00|76.20|355.60|603.25|
400_RF_600#_B16.5|20.00|0.00|82.55|406.40|685.80|
450_RF_600#_B16.5|20.00|0.00|88.90|457.20|742.95|
500_RF_600#_B16.5|20.00|0.00|95.25|508.00|812.80|
600_RF_600#_B16.5|20.00|0.00|107.95|609.60|939.80|
650_RF_150#_MSS-SP44|20.00|0.00|68.26|660.40|869.95|
700_RF_150#_MSS-SP44|20.00|0.00|71.44|711.20|927.10|
750_RF_150#_MSS-SP44|20.00|0.00|74.61|762.00|984.25|
800_RF_150#_MSS-SP44|20.00|0.00|80.96|812.80|1060.45|
850_RF_150#_MSS-SP44|20.00|0.00|82.55|863.60|1111.25|
900_RF_150#_MSS-SP44|20.00|0.00|90.49|914.40|1168.40|
650_RF_300#_MSS-SP44|20.00|0.00|79.38|660.40|971.55|
700_RF_300#_MSS-SP44|20.00|0.00|85.72|711.20|1035.05|
750_RF_300#_MSS-SP44|20.00|0.00|92.07|762.00|1092.20|
800_RF_300#_MSS-SP44|20.00|0.00|98.42|812.80|1149.35|
850_RF_300#_MSS-SP44|20.00|0.00|101.60|863.60|1206.50|
900_RF_300#_MSS-SP44|20.00|0.00|104.77|914.40|1270.00|
650_RF_600#_MSS-SP44|20.00|0.00|114.30|660.40|1016.00|
700_RF_600#_MSS-SP44|20.00|0.00|117.47|711.20|1073.15|
750_RF_600#_MSS-SP44|20.00|0.00|120.65|762.00|1130.30|
800_RF_600#_MSS-SP44|20.00|0.00|123.82|812.80|1193.80|
850_RF_600#_MSS-SP44|20.00|0.00|127.00|863.60|1244.60|
900_RF_600#_MSS-SP44|20.00|0.00|130.17|914.40|1314.45|
650_RF_150#_API-605|20.00|0.00|41.27|660.40|785.81|
700_RF_150#_API-605|20.00|0.00|44.45|711.20|836.61|
750_RF_150#_API-605|20.00|0.00|44.45|762.00|887.41|
800_RF_150#_API-605|20.00|0.00|46.04|812.80|941.39|
850_RF_150#_API-605|20.00|0.00|49.21|863.60|1004.89|
900_RF_150#_API-605|20.00|0.00|52.39|914.40|1057.27|
8_BW_B16.10M|20.00|0.00|0.00|10.30|10.30|
10_BW_B16.10M|20.00|0.00|0.00|13.70|13.70|
12_BW_B16.10M|20.00|0.00|0.00|17.10|17.10|
15_BW_B16.10M|20.00|0.00|0.00|21.30|21.30|
20_BW_B16.10M|20.00|0.00|0.00|26.67|26.67|
25_BW_B16.10M|20.00|0.00|0.00|33.40|33.40|
40_BW_B16.10M|20.00|0.00|0.00|48.26|48.26|
50_BW_B16.10M|20.00|0.00|0.00|60.32|60.32|
65_BW_B16.10M|20.00|0.00|0.00|73.00|73.00|
80_BW_B16.10M|20.00|0.00|0.00|88.90|88.90|
100_BW_B16.10M|20.00|0.00|0.00|114.30|114.30|
125_BW_B16.10M|20.00|0.00|0.00|141.30|141.30|
150_BW_B16.10M|20.00|0.00|0.00|168.27|168.27|
200_BW_B16.10M|20.00|0.00|0.00|219.07|219.07|
250_BW_B16.10M|20.00|0.00|0.00|273.05|273.05|
300_BW_B16.10M|20.00|0.00|0.00|323.85|323.85|
350_BW_B16.10M|20.00|0.00|0.00|355.60|355.60|
400_BW_B16.10M|20.00|0.00|0.00|406.40|406.40|
450_BW_B16.10M|20.00|0.00|0.00|457.20|457.20|
500_BW_B16.10M|20.00|0.00|0.00|508.00|508.00|
600_BW_B16.10M|20.00|0.00|0.00|609.60|609.60|
650_BW_B16.10M|20.00|0.00|0.00|660.40|660.40|
700_BW_B16.10M|20.00|0.00|0.00|711.20|711.20|
750_BW_B16.10M|20.00|0.00|0.00|762.00|762.00|
800_BW_B16.10M|20.00|0.00|0.00|812.80|812.80|
850_BW_B16.10M|20.00|0.00|0.00|863.60|863.60|
900_BW_B16.10M|20.00|0.00|0.00|914.40|914.40|
