0|PIPING|0.75|1.5|0.0|0.0|1|pipe|PIPE100162F100|0|0||||||||PIPE|-9999.0|391|0| | |S-XS| |100|5|0|100.0|162|PIPE100162F100|7|52|0|0|
0|PIPING|2.0|2.0|0.0|0.0|1|pipe|PIPE100142D100|0|0||||||||PIPE|-9999.0|301|0| | |S-STD| |100|5|0|100.0|142|PIPE100142D100|15|52|0|0|
0|PIPING|3.0|24.0|0.0|0.0|1|pipe|PIPE100142D100|0|0||||||||PIPE|-9999.0|301|0| | |S-STD| |100|5|0|100.0|142|PIPE100142D100|15|52|0|0|
0|PIPING|26.0|36.0|0.0|0.0|1|pipe|PIPE100116D95|0|0||||||||PIPE|-9999.0|301|0| | |CALC| |100|5|0|95.0|116|PIPE100116D95|15|52|0|0|
0|GATE|0.75|1.5|0.0|0.0|1|gat0|RPGAT4625F150G3|17|0||||||||RPGAT|-9999.0|421|0|800#| |NREQD| |4625|5|0|3.0|150|RPGAT4625F150G3|7|52|0|0|
0|GATE|0.75|1.5|0.0|0.0|24|gat0|FPGAT4625F150G3|16|0||||||||FPGAT|-9999.0|421|0|800#| |NREQD| |4625|5|0|3.0|150|FPGAT4625F150G3|7|52|0|0|
0|GATE|0.75|1.5|0.0|0.0|221|gat0|GAT40B150A3|18|0||||||||GAT|-9999.0|21|0|150#| |NREQD| |40|5|0|3.0|150|GAT40B150A3|7|52|206|0|
0|GATE|0.75|1.5|0.0|0.0|773|gat0|GAT40D150A3|18|0||||||||GAT|-9999.0|21|0|300#| |NREQD| |40|5|0|3.0|150|GAT40D150A3|7|52|201|0|
0|GATE|2.0|2.0|0.0|0.0|1|gat0|GAT40B252A3|18|0||||||||GAT|-9999.0|21|0|150#| |NREQD| |40|5|0|3.0|252|GAT40B252A3|7|52|0|0|
0|GATE|2.0|2.0|0.0|0.0|773|gat0|GAT40D252A3|18|0||||||||GAT|-9999.0|21|0|300#| |NREQD| |40|5|0|3.0|252|GAT40D252A3|7|52|201|0|
0|GATE|3.0|12.0|0.0|0.0|1|gat0|GAT40B252A3|18|0||||||||GAT|-9999.0|21|0|150#| |NREQD| |40|5|0|3.0|252|GAT40B252A3|7|52|0|0|
0|GATE|3.0|10.0|0.0|0.0|773|gat0|GAT40D252A3|18|0||||||||GAT|-9999.0|21|0|300#| |NREQD| |40|5|0|3.0|252|GAT40D252A3|7|52|201|0|
0|GATE|14.0|24.0|0.0|0.0|1|gat0|GAT40B252A33|18|0||||||||GAT|-9999.0|21|0|150#| |NREQD| |40|5|0|33.0|252|GAT40B252A33|7|52|0|0|
0|GATE|30.0|30.0|0.0|0.0|1|gat0|GAT40B252A33|18|0||||||||GAT|-9999.0|21|0|150#| |NREQD| |40|80|0|33.0|252|GAT40B252A33|7|52|0|0|
0|GATE|36.0|36.0|0.0|0.0|1|gat0|GAT40B252A33|18|0||||||||GAT|-9999.0|21|0|150#| |NREQD| |40|80|0|33.0|252|GAT40B252A33|7|52|0|0|
0|BALL|0.75|1.5|0.0|0.0|1|bal0|BAL3028E150G9|23|0||||||||BAL|350.0|421|0|600#| |NREQD| |3028|5|0|9.0|150|BAL3028E150G9|7|52|276|0|
0|BALL|2.0|2.0|0.0|0.0|1|bal0|BAL40B252A9|23|0||||||||BAL|400.0|21|0|150#| |NREQD| |40|5|0|9.0|252|BAL40B252A9|7|52|0|0|
0|BALL|3.0|4.0|0.0|0.0|1|bal0|BAL40B252A9|23|0||||||||BAL|400.0|21|0|150#| |NREQD| |40|5|0|9.0|252|BAL40B252A9|7|52|0|0|
0|GLOBE|0.75|1.5|0.0|0.0|1|glo0|GLO4625F150G3|28|0||||||||GLO|-9999.0|421|0|800#| |NREQD| |4625|5|0|3.0|150|GLO4625F150G3|7|52|0|0|
0|GLOBE|2.0|2.0|0.0|0.0|1|glo0|GLO40B252A3|28|0||||||||GLO|-9999.0|21|0|150#| |NREQD| |40|5|0|3.0|252|GLO40B252A3|7|52|0|0|
0|GLOBE|3.0|6.0|0.0|0.0|1|glo0|GLO40B252A3|28|0||||||||GLO|-9999.0|21|0|150#| |NREQD| |40|5|0|3.0|252|GLO40B252A3|7|52|0|0|
0|NEEDLE|0.75|1.0|0.0|0.0|1|glo0|NEE5375F150G3|39|0||||||||NEE|-9999.0|421|0|800#| |NREQD| |5375|5|0|3.0|150|NEE5375F150G3|7|52|0|0|
0|BFLYV|6.0|8.0|0.0|0.0|1|bfy0|BFY4200B252C17|43|0||||||||BFY|400.0|161|0|150#| |NREQD| |4200|5|0|17.0|252|BFY4200B252C17|7|52|0|0|
0|BFLYV|10.0|24.0|0.0|0.0|1|bfy0|BFY4200B252C33|43|0||||||||BFY|400.0|161|0|150#| |NREQD| |4200|5|0|33.0|252|BFY4200B252C33|7|52|0|0|
0|BFLYV|30.0|36.0|0.0|0.0|1|bfy0|BFY4200B252C33|43|0||||||||BFY|400.0|161|0|150#| |NREQD| |4200|80|0|33.0|252|BFY4200B252C33|7|52|0|0|
0|CHECK|0.75|1.5|0.0|0.0|1|chk0|CHK4625F150G|55|0||||||||CHK|-9999.0|421|0|800#| |NREQD| |4625|5|0|0.0|150|CHK4625F150G|7|52|220|0|
0|CHECK|2.0|2.0|0.0|0.0|1|chk0|CHK40B252A|55|0||||||||CHK|-9999.0|21|0|150#| |NREQD| |40|5|0|0.0|252|CHK40B252A|7|52|0|0|
0|CHECK|3.0|24.0|0.0|0.0|1|chk0|CHK40B252A|55|0||||||||CHK|-9999.0|21|0|150#| |NREQD| |40|5|0|0.0|252|CHK40B252A|7|52|0|0|
0|CHECK|30.0|30.0|0.0|0.0|1|chk0|CHK40B252A|55|0||||||||CHK|-9999.0|21|0|150#| |NREQD| |40|80|0|0.0|252|CHK40B252A|7|52|0|0|
0|WCHECK|6.0|24.0|0.0|0.0|1|bfy0|WCHK40B252B|56|0||||||||WCHK|-9999.0|121|0|150#| |NREQD| |40|5|0|0.0|252|WCHK40B252B|7|52|0|0|
0|WCHECK|30.0|36.0|0.0|0.0|1|bfy0|WCHK40B252B|56|0||||||||WCHK|-9999.0|121|0|150#| |NREQD| |40|80|0|0.0|252|WCHK40B252B|7|52|0|0|
0|VDVALV|0.75|1.5|0.0|0.0|1|vd0|GAT4625F150GH3|18|0||||||||GAT|-9999.0|421|441|800#|800#|NREQD|NREQD|4625|5|5|3.0|150|GAT4625F150GH3|7|52|208|0|
0|IRVALV|0.5|1.5|0.0|0.0|1|gat0|GAT4625F150GH3|18|0||||||||GAT|-9999.0|421|441|800#|800#|NREQD|NREQD|4625|5|5|3.0|150|GAT4625F150GH3|7|52|223|0|
0|IRVALV|2.0|2.0|0.0|0.0|1|gat0|GAT40D252A3|18|0||||||||GAT|-9999.0|21|0|300#| |NREQD| |40|5|0|3.0|252|GAT40D252A3|7|52|201|0|
0|FLANGE|0.75|1.5|0.0|0.0|1|flg0|SWF35B150AG|117|0||||||||SWF|-9999.0|21|421|150#|150#|NREQD|MATCH|35|5|5|0.0|150|SWF35B150AG|7|52|0|0|
0|FLANGE|0.75|1.5|0.0|0.0|165|flg0|SWF35B150AG|117|0||||||||SWF|-9999.0|21|421|150#|150#|NREQD|S-160|35|5|5|0.0|150|SWF35B150AG|7|52|0|0|
0|FLANGE|0.75|1.5|0.0|0.0|773|flg0|SWF35D150AG|117|0||||||||SWF|-9999.0|21|421|300#|300#|NREQD|MATCH|35|5|5|0.0|150|SWF35D150AG|7|52|201|0|
0|FLANGE|1.5|1.5|0.0|0.0|171|flg0|WNF35B150AD|117|0||||||||WNF|-9999.0|21|301|150#|150#|NREQD|S-160|35|5|5|0.0|150|WNF35B150AD|15|52|203|0|
0|FLANGE|2.0|2.0|0.0|0.0|1|flg0|WNF35B150AD|117|0||||||||WNF|-9999.0|21|301|150#|150#|NREQD|MATCH|35|5|5|0.0|150|WNF35B150AD|15|52|0|0|
0|FLANGE|2.0|2.0|0.0|0.0|773|flg0|WNF35D150AD|117|0||||||||WNF|-9999.0|21|301|300#|300#|NREQD|MATCH|35|5|5|0.0|150|WNF35D150AD|15|52|201|0|
0|FLANGE|3.0|24.0|0.0|0.0|1|flg0|WNF35B150AD|117|0||||||||WNF|-9999.0|21|301|150#|150#|NREQD|MATCH|35|5|5|0.0|150|WNF35B150AD|15|52|0|0|
0|FLANGE|3.0|24.0|0.0|0.0|773|flg0|WNF35D150AD|117|0||||||||WNF|-9999.0|21|301|300#|300#|NREQD|MATCH|35|5|5|0.0|150|WNF35D150AD|15|52|201|0|
0|FLANGE|26.0|36.0|0.0|0.0|1|flg0|WNF254B150AD|117|0||||||||WNF|-9999.0|21|301|150#|150#|NREQD|MATCH|254|80|5|0.0|150|WNF254B150AD|15|52|0|0|
0|FLANGE|26.0|36.0|0.0|0.0|773|flg0|WNF254D150AD|117|0||||||||WNF|-9999.0|21|301|300#|300#|NREQD|MATCH|254|80|5|0.0|150|WNF254D150AD|15|52|201|0|
0|FLANGE|26.0|36.0|0.0|0.0|979|flg0|WNF165B150AD|117|0||||||||WNF|-9999.0|21|301|150#|150#|NREQD|MATCH|165|5|5|0.0|150|WNF165B150AD|15|52|201|0|
0|RFLANG|1.0|3.0|0.75|1.0|1|flg0|RSWF6B150AG|119|0||||||||RSWF|-9999.0|21|421|150#|150#|NREQD|S-160|6|5|5|0.0|150|RSWF6B150AG|7|52|0|0|
0|RFLANG|1.0|3.0|0.75|1.0|773|flg0|RSWF6D150AG|119|0||||||||RSWF|-9999.0|21|421|300#|300#|NREQD|S-160|6|5|5|0.0|150|RSWF6D150AG|7|52|201|0|
0|OFLANG|2.0|24.0|0.0|0.0|1|orf0|WNORF66D150AD1|120|0||||||||WNORF|-9999.0|21|301|300#|300#|NREQD|MATCH|66|29|5|1.0|150|WNORF66D150AD1|15|52|0|0|
0|BFLANG|0.75|24.0|0.0|0.0|1|dsk0|BLI35B150A|124|0||||||||BLI|-9999.0|21|0|150#| |NREQD| |35|5|0|0.0|150|BLI35B150A|7|52|0|0|
0|BFLANG|26.0|36.0|0.0|0.0|1|dsk0|BLI254B150A|124|0||||||||BLI|-9999.0|21|0|150#| |NREQD| |254|81|0|0.0|150|BLI254B150A|7|52|0|0|
0|OBLANK|0.75|12.0|0.0|0.0|1|spc0|F8FO146B356B|126|0||||||||F8FO|-9999.0|121|0|150#| |NREQD| |146|5|0|0.0|356|F8FO146B356B|7|52|0|0|
0|OBLANK|0.75|10.0|0.0|0.0|773|spc0|F8FO146D356B|126|0||||||||F8FO|-9999.0|121|0|300#| |NREQD| |146|5|0|0.0|356|F8FO146D356B|7|52|201|0|
0|CBLANK|0.75|12.0|0.0|0.0|1|spc0|F8FC146B356B|127|0||||||||F8FC|-9999.0|121|0|150#| |NREQD| |146|5|0|0.0|356|F8FC146B356B|7|52|0|0|
0|CBLANK|0.75|10.0|0.0|0.0|773|spc0|F8FC146D356B|127|0||||||||F8FC|-9999.0|121|0|300#| |NREQD| |146|5|0|0.0|356|F8FC146D356B|7|52|201|0|
0|PADDLE|14.0|24.0|0.0|0.0|1|spc0|PADL146B356B|128|0||||||||PADL|-9999.0|121|0|150#| |NREQD| |146|5|0|0.0|356|PADL146B356B|7|52|0|0|
0|PADDLE|30.0|36.0|0.0|0.0|1|spc0|PADL1026B356B|128|0||||||||PADL|-9999.0|121|0|150#| |NREQD| |1026|80|0|0.0|356|PADL1026B356B|7|52|0|0|
0|SPACER|14.0|24.0|0.0|0.0|1|spc0|SPA146B356B|129|0||||||||SPA|-9999.0|121|0|150#| |NREQD| |146|5|0|0.0|356|SPA146B356B|7|52|0|0|
0|SPACER|30.0|36.0|0.0|0.0|1|spc0|SPA1026B356B|129|0||||||||SPA|-9999.0|121|0|150#| |NREQD| |1026|80|0|0.0|356|SPA1026B356B|7|52|0|0|
0|HEAD|0.75|1.5|0.0|0.0|163|plg0|PLUG41150E|135|0||||||||PLUG|-9999.0|331|0| | |NREQD| |41|5|0|0.0|150|PLUG41150E|7|52|0|0|
0|PLUG|0.75|1.5|0.0|0.0|1|plg0|PLUG41150E|135|0||||||||PLUG|500.0|331|0| | |NREQD| |41|5|0|0.0|150|PLUG41150E|7|52|0|0|
0|CAP|0.75|1.5|0.0|0.0|1|cap0|CAP5375J150G|137|0||||||||CAP|-9999.0|421|0|3000#| |NREQD| |5375|5|0|0.0|150|CAP5375J150G|7|52|0|0|
0|CAP|2.0|2.0|0.0|0.0|1|cap0|CAP5150264D|137|0||||||||CAP|-9999.0|301|0| | |MATCH| |5150|5|0|0.0|264|CAP5150264D|15|52|0|0|
0|CAP|3.0|36.0|0.0|0.0|1|cap0|CAP5150264D|137|0||||||||CAP|-9999.0|301|0| | |MATCH| |5150|5|0|0.0|264|CAP5150264D|15|52|0|0|
0|CONRED|1.0|1.5|0.75|1.0|1|cred0|CSWG297264F|143|0||||||||CSWG|-9999.0|391|391| | |MATCH|MATCH|297|5|5|0.0|264|CSWG297264F|7|52|0|0|
0|CONRED|2.0|2.0|0.75|1.5|1|cred0|CSWG297264DF|143|0||||||||CSWG|-9999.0|301|391| | |MATCH|MATCH|297|5|5|0.0|264|CSWG297264DF|15|52|0|0|
0|CONRED|3.0|4.0|0.75|1.5|1|cred0|CSWG297264DF|143|0||||||||CSWG|-9999.0|301|391| | |MATCH|MATCH|297|5|5|0.0|264|CSWG297264DF|15|52|0|0|
0|CONRED|3.0|4.0|2.0|2.0|1|cred0|CRED39264D|143|0||||||||CRED|-9999.0|301|301| | |MATCH|MATCH|39|5|5|0.0|264|CRED39264D|15|52|0|0|
0|CONRED|4.0|36.0|3.0|34.0|1|cred0|CRED39264D|143|0||||||||CRED|-9999.0|301|301| | |MATCH|MATCH|39|5|5|0.0|264|CRED39264D|15|52|0|0|
0|ECCRED|1.0|1.5|0.75|1.0|1|ered0|ESWG297264F|144|0||||||||ESWG|-9999.0|391|391| | |MATCH|MATCH|297|5|5|0.0|264|ESWG297264F|7|52|0|0|
0|ECCRED|2.0|2.0|0.75|1.5|1|ered0|ESWG297264DF|144|0||||||||ESWG|-9999.0|301|391| | |MATCH|MATCH|297|5|5|0.0|264|ESWG297264DF|15|52|0|0|
0|ECCRED|3.0|4.0|0.75|1.5|1|ered0|ESWG297264DF|144|0||||||||ESWG|-9999.0|301|391| | |MATCH|MATCH|297|5|5|0.0|264|ESWG297264DF|15|52|0|0|
0|ECCRED|3.0|4.0|2.0|2.0|1|ered0|ERED39264D|144|0||||||||ERED|-9999.0|301|301| | |MATCH|MATCH|39|5|5|0.0|264|ERED39264D|15|52|0|0|
0|ECCRED|4.0|36.0|3.0|34.0|1|ered0|ERED39264D|144|0||||||||ERED|-9999.0|301|301| | |MATCH|MATCH|39|5|5|0.0|264|ERED39264D|15|52|0|0|
0|CPLNG|0.75|1.5|0.0|0.0|1|cpl0|CPL41J150G|140|0||||||||CPL|-9999.0|421|0|3000#| |NREQD| |41|5|0|0.0|150|CPL41J150G|7|52|0|0|
0|UNION|0.75|1.5|0.0|0.0|1|un0|UN293J150G|155|0||||||||UN|500.0|421|0|3000#| |NREQD| |293|5|0|0.0|150|UN293J150G|7|52|0|0|
0|EL45T|2.0|2.0|0.0|0.0|1|pb0|45E39264D|175|0||||||||45E|-9999.0|301|0| | |MATCH| |39|5|0|0.0|264|45E39264D|15|52|0|0|
0|EL45T|3.0|36.0|0.0|0.0|1|pb0|45E39264D|175|0||||||||45E|-9999.0|301|0| | |MATCH| |39|5|0|0.0|264|45E39264D|15|52|0|0|
0|EL45|0.75|1.5|0.0|0.0|1|e45_0|45E41J150G|173|0||||||||45E|-9999.0|421|0|3000#| |NREQD| |41|5|0|0.0|150|45E41J150G|7|52|0|0|
0|EL45|2.0|2.0|0.0|0.0|1|e45_0|45E39264D|173|0||||||||45E|-9999.0|301|0| | |MATCH| |39|5|0|0.0|264|45E39264D|15|52|0|0|
0|EL45|3.0|36.0|0.0|0.0|1|e45_0|45E39264D|173|0||||||||45E|-9999.0|301|0| | |MATCH| |39|5|0|0.0|264|45E39264D|15|52|0|0|
0|EL90T|2.0|2.0|0.0|0.0|1|pb0|90E39264D|196|0||||||||90E|-9999.0|301|0| | |MATCH| |39|5|0|0.0|264|90E39264D|15|52|0|0|
0|EL90T|3.0|36.0|0.0|0.0|1|pb0|90E39264D|196|0||||||||90E|-9999.0|301|0| | |MATCH| |39|5|0|0.0|264|90E39264D|15|52|0|0|
0|EL90|0.75|1.5|0.0|0.0|1|e90_0|90E41J150G|193|0||||||||90E|-9999.0|421|0|3000#| |NREQD| |41|5|0|0.0|150|90E41J150G|7|52|0|0|
0|EL90|2.0|2.0|0.0|0.0|1|e90_0|90E39264D|193|0||||||||90E|-9999.0|301|0| | |MATCH| |39|5|0|0.0|264|90E39264D|15|52|0|0|
0|EL90|3.0|36.0|0.0|0.0|1|e90_0|90E39264D|193|0||||||||90E|-9999.0|301|0| | |MATCH| |39|5|0|0.0|264|90E39264D|15|52|0|0|
0|E90SR|2.0|2.0|0.0|0.0|1|e90_0|90ESR58264D|195|0||||||||90ESR|-9999.0|301|0| | |MATCH| |58|5|0|0.0|264|90ESR58264D|15|52|0|0|
0|E90SR|3.0|18.0|0.0|0.0|1|e90_0|90ESR58264D|195|0||||||||90ESR|-9999.0|301|0| | |MATCH| |58|5|0|0.0|264|90ESR58264D|15|52|0|0|
0|TEE|0.75|1.5|0.0|0.0|1|t0|TEE41J150G|237|0||||||||TEE|-9999.0|421|0|3000#| |NREQD| |41|5|0|0.0|150|TEE41J150G|7|52|0|0|
0|TEE|2.0|2.0|0.0|0.0|1|t0|TEE39264D|237|0||||||||TEE|-9999.0|301|0| | |MATCH| |39|5|0|0.0|264|TEE39264D|15|52|0|0|
0|TEE|3.0|36.0|0.0|0.0|1|t0|TEE39264D|237|0||||||||TEE|-9999.0|301|0| | |MATCH| |39|5|0|0.0|264|TEE39264D|15|52|0|0|
0|REDTEE|1.0|1.5|0.75|1.0|1|t0|RTEE41J150G|239|0||||||||RTEE|-9999.0|421|421|3000#|3000#|NREQD|NREQD|41|5|5|0.0|150|RTEE41J150G|7|52|0|0|
0|WOLET|3.0|36.0|2.0|2.0|1|olet0|WOL1575150D|288|0||||||||WOL|-9999.0|301|301| | |MATCH|MATCH|1575|5|5|0.0|150|WOL1575150D|15|52|0|0|
0|WOLET|4.0|36.0|1.5|1.5|1|olet0|WOL1575150D|288|0||||||||WOL|-9999.0|301|301| | |MATCH|S-160|1575|5|5|0.0|150|WOL1575150D|15|52|203|0|
0|WOLET|4.0|36.0|3.0|34.0|1|olet0|WOL1575150D|288|0||||||||WOL|-9999.0|301|301| | |MATCH|MATCH|1575|5|5|0.0|150|WOL1575150D|15|52|0|0|
0|SOLET|2.0|2.0|0.75|1.5|1|olet0|SOL1575J150DG|289|0||||||||SOL|-9999.0|301|421| |3000#|NREQD|NREQD|1575|5|5|0.0|150|SOL1575J150DG|15|52|0|0|
0|SOLET|3.0|36.0|0.75|1.5|1|olet0|SOL1575J150DG|289|0||||||||SOL|-9999.0|301|421| |3000#|NREQD|NREQD|1575|5|5|0.0|150|SOL1575J150DG|15|52|0|0|
0|EOLET|4.0|12.0|1.5|1.5|1|eolet0|EOL1575150D|292|0||||||||EOL|-9999.0|301|301| | |MATCH|S-160|1575|5|5|0.0|150|EOL1575150D|15|52|203|0|
0|LOLET|4.0|12.0|1.5|1.5|1|lat0|LOL1575150D|293|0||||||||LOL|-9999.0|301|301| | |MATCH|S-160|1575|5|5|0.0|150|LOL1575150D|15|52|203|0|
0|FOLET|2.0|2.0|0.75|1.5|1|flat0|FOL1575J150DG|286|0||||||||FOL|-9999.0|301|421| |3000#|NREQD|NREQD|1575|5|5|0.0|150|FOL1575J150DG|15|52|0|0|
0|FOLET|3.0|4.0|0.75|1.5|1|flat0|FOL1575J150DG|286|0||||||||FOL|-9999.0|301|421| |3000#|NREQD|NREQD|1575|5|5|0.0|150|FOL1575J150DG|15|52|0|0|
0|RPAD|24.0|24.0|10.0|20.0|1|rpad0|PAD6142F|295|0||||||||PAD|-9999.0|391|391| | | | |6|5|5|0.0|142|PAD6142F|15|0|0|0|
0|RPAD|26.0|36.0|10.0|34.0|1|rpad0|PAD6116F|295|0||||||||PAD|-9999.0|391|391| | | | |6|5|5|0.0|116|PAD6116F|15|0|0|0|
0|RPAD|8.0|24.0|6.0|20.0|699|rpad0|PAD6142F1|295|0||||||||PAD|-9999.0|391|391| | | | |6|5|5|1.0|142|PAD6142F1|15|0|0|0|
0|RPAD|26.0|36.0|10.0|34.0|699|rpad0|PAD6116F1|295|0||||||||PAD|-9999.0|391|391| | | | |6|5|5|1.0|116|PAD6116F1|15|0|0|0|
0|RWELD|10.0|20.0|6.0|18.0|1|wld0|BRW6D|297|0||||||||BRW|-9999.0|301|301| | | | |6|5|5|0.0|0|BRW6D|0|0|0|0|
0|NIPPLE|0.5|0.5|0.0|0.0|1|nip0|NIP100162F3|303|0||||||||NIP|-9999.0|391|0| | |S-160| |100|5|0|3.0|162|NIP100162F3|7|52|223|0|
0|NIPPLE|0.75|1.5|0.0|0.0|1|nip0|NIP100162F3|303|0||||||||NIP|-9999.0|391|0| | |S-160| |100|5|0|3.0|162|NIP100162F3|7|52|0|0|
0|NIPPLE|0.5|0.5|0.0|0.0|728|nip0|NIP100162F4|303|0||||||||NIP|-9999.0|391|0| | |S-160| |100|5|0|4.0|162|NIP100162F4|7|52|223|0|
0|NIPPLE|0.75|1.5|0.0|0.0|728|nip0|NIP100162F4|303|0||||||||NIP|-9999.0|391|0| | |S-160| |100|5|0|4.0|162|NIP100162F4|7|52|0|0|
0|NIPPLE|0.75|1.5|0.0|0.0|734|nip0|NIP100162F5|303|0||||||||NIP|-9999.0|391|0| | |S-160| |100|5|0|5.0|162|NIP100162F5|7|52|0|0|
0|NIPPLE|0.5|0.5|0.0|0.0|740|nip0|NIP100162F6|303|0||||||||NIP|-9999.0|391|0| | |S-160| |100|5|0|6.0|162|NIP100162F6|7|52|223|0|
0|NIPPLE|0.75|1.5|0.0|0.0|740|nip0|NIP100162F6|303|0||||||||NIP|-9999.0|391|0| | |S-160| |100|5|0|6.0|162|NIP100162F6|7|52|0|0|
0|NIPPLE|0.75|1.5|0.0|0.0|746|nip0|NIP100162F7|303|0||||||||NIP|-9999.0|391|0| | |S-160| |100|5|0|7.0|162|NIP100162F7|7|52|0|0|
0|NIPPLE|0.75|1.5|0.0|0.0|750|nip0|NIP100162F8|303|0||||||||NIP|-9999.0|391|0| | |S-160| |100|5|0|8.0|162|NIP100162F8|7|52|0|0|
0|NIPPLE|0.75|1.5|0.0|0.0|751|nip0|NIP100162F9|303|0||||||||NIP|-9999.0|391|0| | |S-160| |100|5|0|9.0|162|NIP100162F9|7|52|0|0|
0|NIPPLE|0.75|1.5|0.0|0.0|752|nip0|NIP100162F10|303|0||||||||NIP|-9999.0|391|0| | |S-160| |100|5|0|10.0|162|NIP100162F10|7|52|0|0|
0|NIPPLE|0.75|1.5|0.0|0.0|753|nip0|NIP100162F11|303|0||||||||NIP|-9999.0|391|0| | |S-160| |100|5|0|11.0|162|NIP100162F11|7|52|0|0|
0|NIPPLE|0.75|1.5|0.0|0.0|754|nip0|NIP100162F12|303|0||||||||NIP|-9999.0|391|0| | |S-160| |100|5|0|12.0|162|NIP100162F12|7|52|0|0|
0|GASKET|0.75|24.0|0.0|0.0|1| |GASK161B3653B|0|0||||||||GASK|-9999.0|121|0|150| | | |161|5|0|0.125|3653|GASK161B3653B|7|0|0|0|
0|GASKET|2.0|24.0|0.0|0.0|1| |GASK161D3653A|0|0||||||||GASK|-9999.0|21|0|300| | | |161|29|0|0.125|3653|GASK161D3653A|7|0|0|0|
0|GASKET|6.0|24.0|0.0|0.0|1| |GASK161B3653C|0|0||||||||GASK|-9999.0|161|0|150| | | |161|5|0|0.125|3653|GASK161B3653C|7|0|0|0|
0|GASKET|26.0|36.0|0.0|0.0|1| |GASK161B3663B|0|0||||||||GASK|-9999.0|121|0|150| | | |161|80|0|0.125|3663|GASK161B3663B|7|0|0|0|
0|STUD|0.75|36.0|0.0|0.0|1| |STUD81B4031|0|0||||||||STUD|-9999.0|0|0|150| | | |81|0|0|0.0|4031|STUD81B4031|7|0|0|0|
0|STRAIN|1.5|12.0|0.0|0.0|1|str0|YSTR3775DA|556|0||||||||YSTR|-9999.0|21|0|150||NREQD||3775|5||||YSTR3775DA|7|52|||
2|PIPING|0.75|1.5|0.0|0.0|1|pipe|PIPE100162F100|0|0||||||||PIPE|-9999.0|391|0| | |S-XS| |100|5|0|100.0|162|PIPE100162F100|7|52|0|0|
2|PIPING|2.0|2.0|0.0|0.0|1|pipe|PIPE100142D100|0|0||||||||PIPE|-9999.0|301|0| | |S-STD| |100|5|0|100.0|142|PIPE100142D100|15|52|0|0|
2|PIPING|3.0|12.0|0.0|0.0|1|pipe|PIPE100142D100|0|0||||||||PIPE|-9999.0|301|0| | |S-STD| |100|5|0|100.0|142|PIPE100142D100|15|52|0|0|
2|PIPING|14.0|24.0|0.0|0.0|1|pipe|PIPE100142D100|0|0||||||||PIPE|-9999.0|301|0| | |CALC| |100|5|0|100.0|142|PIPE100142D100|15|52|0|0|
2|PIPING|26.0|36.0|0.0|0.0|1|pipe|PIPE100116D95|0|0||||||||PIPE|-9999.0|301|0| | |CALC| |100|5|0|95.0|116|PIPE100116D95|15|52|0|0|
2|GATE|0.75|1.5|0.0|0.0|1|gat0|RPGAT4625F150G3|17|0||||||||RPGAT|-9999.0|421|0|800#| |NREQD| |4625|5|0|3.0|150|RPGAT4625F150G3|7|52|0|0|
2|GATE|0.75|1.5|0.0|0.0|24|gat0|FPGAT4625F150G3|16|0||||||||FPGAT|-9999.0|421|0|800#| |NREQD| |4625|5|0|3.0|150|FPGAT4625F150G3|7|52|0|0|
2|GATE|0.75|1.5|0.0|0.0|221|gat0|GAT40D150A3|18|0||||||||GAT|-9999.0|21|0|300#| |NREQD| |40|5|0|3.0|150|GAT40D150A3|7|52|206|0|
2|GATE|0.75|1.5|0.0|0.0|781|gat0|GAT40E150A3|18|0||||||||GAT|-9999.0|21|0|600#| |NREQD| |40|5|0|3.0|150|GAT40E150A3|7|52|201|0|
2|IRVALV|2.0|2.0|0.0|0.0|1|gat0|GAT40D252A3|18|0||||||||GAT|-9999.0|21|0|300#| |NREQD| |40|5|0|3.0|252|GAT40D252A3|7|52|201|0|
2|GATE|2.0|2.0|0.0|0.0|1|gat0|GAT40D252A3|18|0||||||||GAT|-9999.0|21|0|300#| |NREQD| |40|5|0|3.0|252|GAT40D252A3|7|52|0|0|
2|GATE|2.0|2.0|0.0|0.0|781|gat0|GAT40E252A3|18|0||||||||GAT|-9999.0|21|0|600#| |NREQD| |40|5|0|3.0|252|GAT40E252A3|7|52|201|0|
2|GATE|3.0|10.0|0.0|0.0|1|gat0|GAT40D252A3|18|0||||||||GAT|-9999.0|21|0|300#| |NREQD| |40|5|0|3.0|252|GAT40D252A3|7|52|0|0|
2|GATE|3.0|8.0|0.0|0.0|781|gat0|GAT40E252A3|18|0||||||||GAT|-9999.0|21|0|600#| |NREQD| |40|5|0|3.0|252|GAT40E252A3|7|52|201|0|
2|GATE|12.0|24.0|0.0|0.0|1|gat0|GAT40D252A33|18|0||||||||GAT|-9999.0|21|0|300#| |NREQD| |40|5|0|33.0|252|GAT40D252A33|7|52|0|0|
2|GATE|30.0|30.0|0.0|0.0|1|gat0|GAT40D252A33|18|0||||||||GAT|-9999.0|21|0|300#| |NREQD| |40|80|0|33.0|252|GAT40D252A33|7|52|0|0|
2|BALL|0.75|1.5|0.0|0.0|1|bal0|BAL3028E150G9|23|0||||||||BAL|350.0|421|0|600#| |NREQD| |3028|5|0|9.0|150|BAL3028E150G9|7|52|276|0|
2|GLOBE|0.75|1.5|0.0|0.0|1|glo0|GLO4625F150G3|28|0||||||||GLO|-9999.0|421|0|800#| |NREQD| |4625|5|0|3.0|150|GLO4625F150G3|7|52|0|0|
2|GLOBE|2.0|2.0|0.0|0.0|1|glo0|GLO40D252A3|28|0||||||||GLO|-9999.0|21|0|300#| |NREQD| |40|5|0|3.0|252|GLO40D252A3|7|52|0|0|
2|GLOBE|3.0|6.0|0.0|0.0|1|glo0|GLO40D252A3|28|0||||||||GLO|-9999.0|21|0|300#| |NREQD| |40|5|0|3.0|252|GLO40D252A3|7|52|0|0|
2|BFLYV|6.0|6.0|0.0|0.0|1|bfy0|BFY4200D252C17|43|0||||||||BFY|200.0|161|0|300#| |NREQD| |4200|5|0|17.0|252|BFY4200D252C17|7|52|0|0|
2|BFLYV|8.0|24.0|0.0|0.0|1|bfy0|BFY4200D252C33|43|0||||||||BFY|200.0|161|0|300#| |NREQD| |4200|5|0|33.0|252|BFY4200D252C33|7|52|0|0|
2|BFLYV|30.0|36.0|0.0|0.0|1|bfy0|BFY4200D252C33|43|0||||||||BFY|200.0|161|0|300#| |NREQD| |4200|80|0|33.0|252|BFY4200D252C33|7|52|0|0|
2|CHECK|0.75|1.5|0.0|0.0|1|chk0|CHK4625F150G|55|0||||||||CHK|-9999.0|421|0|800#| |NREQD| |4625|5|0|0.0|150|CHK4625F150G|7|52|220|0|
2|CHECK|2.0|2.0|0.0|0.0|1|chk0|CHK40D252A|55|0||||||||CHK|-9999.0|21|0|300#| |NREQD| |40|5|0|0.0|252|CHK40D252A|7|52|0|0|
2|CHECK|3.0|24.0|0.0|0.0|1|chk0|CHK40D252A|55|0||||||||CHK|-9999.0|21|0|300#| |NREQD| |40|5|0|0.0|252|CHK40D252A|7|52|0|0|
2|WCHECK|6.0|24.0|0.0|0.0|1|bfy0|WCHK40D252B|56|0||||||||WCHK|-9999.0|121|0|300#| |NREQD| |40|5|0|0.0|252|WCHK40D252B|7|52|0|0|
2|WCHECK|26.0|36.0|0.0|0.0|1|bfy0|WCHK40D252B|56|0||||||||WCHK|-9999.0|121|0|300#| |NREQD| |40|80|0|0.0|252|WCHK40D252B|7|52|0|0|
2|VDVALV|0.5|1.5|0.0|0.0|1|vd0|GAT4625F150GH3|18|0||||||||GAT|-9999.0|421|441|800#|800#|NREQD|NREQD|4625|5|5|3.0|150|GAT4625F150GH3|7|52|208|0|
2|IRVALV|0.5|1.0|0.0|0.0|1|gat0|GAT4625F150GH3|18|0||||||||GAT|-9999.0|421|441|800#|800#|NREQD|NREQD|4625|5|5|3.0|150|GAT4625F150GH3|7|52|223|0|
2|IRVALV|1.5|1.5|0.0|0.0|1|gat0|GAT40D150A3|18|0||||||||GAT|-9999.0|21|0|300#| |NREQD| |40|5|0|3.0|150|GAT40D150A3|7|52|201|0|
2|FLANGE|0.75|1.5|0.0|0.0|1|flg0|SWF35D150AG|117|0||||||||SWF|-9999.0|21|421|300#|300#|NREQD|MATCH|35|5|5|0.0|150|SWF35D150AG|7|52|0|0|
2|FLANGE|0.75|1.5|0.0|0.0|165|flg0|SWF35D150AG|117|0||||||||SWF|-9999.0|21|421|300#|300#|NREQD|S-160|35|5|5|0.0|150|SWF35D150AG|7|52|0|0|
2|FLANGE|0.75|1.5|0.0|0.0|781|flg0|SWF35E150AG|117|0||||||||SWF|-9999.0|21|421|600#|600#|NREQD|MATCH|35|5|5|0.0|150|SWF35E150AG|7|52|201|0|
2|FLANGE|1.5|1.5|0.0|0.0|171|flg0|WNF35D150AD|117|0||||||||WNF|-9999.0|21|301|300#|300#|NREQD|S-160|35|5|5|0.0|150|WNF35D150AD|15|52|203|0|
2|FLANGE|2.0|2.0|0.0|0.0|1|flg0|WNF35D150AD|117|0||||||||WNF|-9999.0|21|301|300#|300#|NREQD|MATCH|35|5|5|0.0|150|WNF35D150AD|15|52|0|0|
2|FLANGE|2.0|2.0|0.0|0.0|781|flg0|WNF35E150AD|117|0||||||||WNF|-9999.0|21|301|600#|600#|NREQD|MATCH|35|5|5|0.0|150|WNF35E150AD|15|52|201|0|
2|FLANGE|3.0|24.0|0.0|0.0|1|flg0|WNF35D150AD|117|0||||||||WNF|-9999.0|21|301|300#|300#|NREQD|MATCH|35|5|5|0.0|150|WNF35D150AD|15|52|0|0|
2|FLANGE|3.0|24.0|0.0|0.0|781|flg0|WNF35E150AD|117|0||||||||WNF|-9999.0|21|301|600#|600#|NREQD|MATCH|35|5|5|0.0|150|WNF35E150AD|15|52|201|0|
2|FLANGE|26.0|36.0|0.0|0.0|1|flg0|WNF254D150AD|117|0||||||||WNF|-9999.0|21|301|300#|300#|NREQD|MATCH|254|80|5|0.0|150|WNF254D150AD|15|52|0|0|
2|FLANGE|26.0|36.0|0.0|0.0|781|flg0|WNF254E150AD|117|0||||||||WNF|-9999.0|21|301|600#|600#|NREQD|MATCH|254|80|5|0.0|150|WNF254E150AD|15|52|201|0|
2|RFLANG|1.0|3.0|0.75|1.0|1|flg0|RSWF6D150AG|119|0||||||||RSWF|-9999.0|21|421|300#|300#|NREQD|S-160|6|5|5|0.0|150|RSWF6D150AG|7|52|0|0|
2|RFLANG|1.0|3.0|0.75|1.0|781|flg0|RSWF6E150AG|119|0||||||||RSWF|-9999.0|21|421|600#|600#|NREQD|S-160|6|5|5|0.0|150|RSWF6E150AG|7|52|201|0|
2|OFLANG|2.0|24.0|0.0|0.0|1|orf0|WNORF66D150AD1|120|0||||||||WNORF|-9999.0|21|301|300#|300#|NREQD|MATCH|66|29|5|1.0|150|WNORF66D150AD1|15|52|0|0|
2|BFLANG|0.75|24.0|0.0|0.0|1|dsk0|BLI35D150A|124|0||||||||BLI|-9999.0|21|0|300#| |NREQD| |35|5|0|0.0|150|BLI35D150A|7|52|0|0|
2|BFLANG|26.0|36.0|0.0|0.0|1|dsk0|BLI254D150A|124|0||||||||BLI|-9999.0|21|0|300#| |NREQD| |254|81|0|0.0|150|BLI254D150A|7|52|0|0|
2|OBLANK|0.75|10.0|0.0|0.0|1|spc0|F8FO146D356B|126|0||||||||F8FO|-9999.0|121|0|300#| |NREQD| |146|5|0|0.0|356|F8FO146D356B|7|52|0|0|
2|OBLANK|0.75|8.0|0.0|0.0|781|spc0|F8FO146E356B|126|0||||||||F8FO|-9999.0|121|0|600#| |NREQD| |146|5|0|0.0|356|F8FO146E356B|7|52|201|0|
2|CBLANK|0.75|10.0|0.0|0.0|1|spc0|F8FC146D356B|127|0||||||||F8FC|-9999.0|121|0|300#| |NREQD| |146|5|0|0.0|356|F8FC146D356B|7|52|0|0|
2|CBLANK|0.75|8.0|0.0|0.0|781|spc0|F8FC146E356B|127|0||||||||F8FC|-9999.0|121|0|600#| |NREQD| |146|5|0|0.0|356|F8FC146E356B|7|52|201|0|
2|PADDLE|12.0|24.0|0.0|0.0|1|spc0|PADL146D356B|128|0||||||||PADL|-9999.0|121|0|300#| |NREQD| |146|5|0|0.0|356|PADL146D356B|7|52|0|0|
2|PADDLE|30.0|30.0|0.0|0.0|1|spc0|PADL1026D356B|128|0||||||||PADL|-9999.0|121|0|300#| |NREQD| |1026|5|0|0.0|356|PADL1026D356B|7|52|0|0|
2|SPACER|12.0|24.0|0.0|0.0|1|spc0|SPA146D356B|129|0||||||||SPA|-9999.0|121|0|300#| |NREQD| |146|5|0|0.0|356|SPA146D356B|7|52|0|0|
2|SPACER|30.0|30.0|0.0|0.0|1|spc0|SPA1026D356B|129|0||||||||SPA|-9999.0|121|0|300#| |NREQD| |1026|5|0|0.0|356|SPA1026D356B|7|52|0|0|
2|HEAD|0.75|1.5|0.0|0.0|163|plg0|PLUG41150E|135|0||||||||PLUG|-9999.0|331|0| | |NREQD| |41|5|0|0.0|150|PLUG41150E|7|52|0|0|
2|PLUG|0.75|1.5|0.0|0.0|1|plg0|PLUG41150E|135|0||||||||PLUG|500.0|331|0| | |NREQD| |41|5|0|0.0|150|PLUG41150E|7|52|0|0|
2|CAP|0.75|1.5|0.0|0.0|1|cap0|CAP5375J150G|137|0||||||||CAP|-9999.0|421|0|3000#| |NREQD| |5375|5|0|0.0|150|CAP5375J150G|7|52|0|0|
2|CAP|2.0|2.0|0.0|0.0|1|cap0|CAP5150264D|137|0||||||||CAP|-9999.0|301|0| | |MATCH| |5150|5|0|0.0|264|CAP5150264D|15|52|0|0|
2|CAP|3.0|36.0|0.0|0.0|1|cap0|CAP5150264D|137|0||||||||CAP|-9999.0|301|0| | |MATCH| |5150|5|0|0.0|264|CAP5150264D|15|52|0|0|
2|CONRED|1.0|1.5|0.75|1.0|1|cred0|CSWG297264F|143|0||||||||CSWG|-9999.0|391|391| | |MATCH|MATCH|297|5|5|0.0|264|CSWG297264F|7|52|0|0|
2|CONRED|2.0|2.0|0.75|1.5|1|cred0|CSWG297264DF|143|0||||||||CSWG|-9999.0|301|391| | |MATCH|MATCH|297|5|5|0.0|264|CSWG297264DF|15|52|0|0|
2|CONRED|3.0|4.0|0.75|1.5|1|cred0|CSWG297264DF|143|0||||||||CSWG|-9999.0|301|391| | |MATCH|MATCH|297|5|5|0.0|264|CSWG297264DF|15|52|0|0|
2|CONRED|3.0|4.0|2.0|2.0|1|cred0|CRED39264D|143|0||||||||CRED|-9999.0|301|301| | |MATCH|MATCH|39|5|5|0.0|264|CRED39264D|15|52|0|0|
2|CONRED|4.0|36.0|3.0|34.0|1|cred0|CRED39264D|143|0||||||||CRED|-9999.0|301|301| | |MATCH|MATCH|39|5|5|0.0|264|CRED39264D|15|52|0|0|
2|ECCRED|1.0|1.5|0.75|1.0|1|ered0|ESWG297264F|144|0||||||||ESWG|-9999.0|391|391| | |MATCH|MATCH|297|5|5|0.0|264|ESWG297264F|7|52|0|0|
2|ECCRED|2.0|2.0|0.75|1.5|1|ered0|ESWG297264DF|144|0||||||||ESWG|-9999.0|301|391| | |MATCH|MATCH|297|5|5|0.0|264|ESWG297264DF|15|52|0|0|
2|ECCRED|3.0|4.0|0.75|1.5|1|ered0|ESWG297264DF|144|0||||||||ESWG|-9999.0|301|391| | |MATCH|MATCH|297|5|5|0.0|264|ESWG297264DF|15|52|0|0|
2|ECCRED|3.0|4.0|2.0|2.0|1|ered0|ERED39264D|144|0||||||||ERED|-9999.0|301|301| | |MATCH|MATCH|39|5|5|0.0|264|ERED39264D|15|52|0|0|
2|ECCRED|4.0|36.0|3.0|34.0|1|ered0|ERED39264D|144|0||||||||ERED|-9999.0|301|301| | |MATCH|MATCH|39|5|5|0.0|264|ERED39264D|15|52|0|0|
2|CPLNG|0.75|1.5|0.0|0.0|1|cpl0|CPL41J150G|140|0||||||||CPL|-9999.0|421|0|3000#| |NREQD| |41|5|0|0.0|150|CPL41J150G|7|52|0|0|
2|UNION|0.75|1.5|0.0|0.0|1|un0|UN293J150G|155|0||||||||UN|500.0|421|0|3000#| |NREQD| |293|5|0|0.0|150|UN293J150G|7|52|0|0|
2|EL45T|2.0|2.0|0.0|0.0|1|pb0|45E39264D|175|0||||||||45E|-9999.0|301|0| | |MATCH| |39|5|0|0.0|264|45E39264D|15|52|0|0|
2|EL45T|3.0|36.0|0.0|0.0|1|pb0|45E39264D|175|0||||||||45E|-9999.0|301|0| | |MATCH| |39|5|0|0.0|264|45E39264D|15|52|0|0|
2|EL45|0.75|1.5|0.0|0.0|1|e45_0|45E41J150G|173|0||||||||45E|-9999.0|421|0|3000#| |NREQD| |41|5|0|0.0|150|45E41J150G|7|52|0|0|
2|EL45|2.0|2.0|0.0|0.0|1|e45_0|45E39264D|173|0||||||||45E|-9999.0|301|0| | |MATCH| |39|5|0|0.0|264|45E39264D|15|52|0|0|
2|EL45|3.0|36.0|0.0|0.0|1|e45_0|45E39264D|173|0||||||||45E|-9999.0|301|0| | |MATCH| |39|5|0|0.0|264|45E39264D|15|52|0|0|
2|EL90T|2.0|2.0|0.0|0.0|1|pb0|90E39264D|196|0||||||||90E|-9999.0|301|0| | |MATCH| |39|5|0|0.0|264|90E39264D|15|52|0|0|
2|EL90T|3.0|36.0|0.0|0.0|1|pb0|90E39264D|196|0||||||||90E|-9999.0|301|0| | |MATCH| |39|5|0|0.0|264|90E39264D|15|52|0|0|
2|EL90|0.75|1.5|0.0|0.0|1|e90_0|90E41J150G|193|0||||||||90E|-9999.0|421|0|3000#| |NREQD| |41|5|0|0.0|150|90E41J150G|7|52|0|0|
2|EL90|2.0|2.0|0.0|0.0|1|e90_0|90E39264D|193|0||||||||90E|-9999.0|301|0| | |MATCH| |39|5|0|0.0|264|90E39264D|15|52|0|0|
2|EL90|3.0|36.0|0.0|0.0|1|e90_0|90E39264D|193|0||||||||90E|-9999.0|301|0| | |MATCH| |39|5|0|0.0|264|90E39264D|15|52|0|0|
2|E90SR|2.0|2.0|0.0|0.0|1|e90_0|90ESR58264D|195|0||||||||90ESR|-9999.0|301|0| | |MATCH| |58|5|0|0.0|264|90ESR58264D|15|52|0|0|
2|E90SR|3.0|10.0|0.0|0.0|1|e90_0|90ESR58264D|195|0||||||||90ESR|-9999.0|301|0| | |MATCH| |58|5|0|0.0|264|90ESR58264D|15|52|0|0|
2|TEE|0.75|1.5|0.0|0.0|1|t0|TEE41J150G|237|0||||||||TEE|-9999.0|421|0|3000#| |NREQD| |41|5|0|0.0|150|TEE41J150G|7|52|0|0|
2|TEE|2.0|2.0|0.0|0.0|1|t0|TEE39264D|237|0||||||||TEE|-9999.0|301|0| | |MATCH| |39|5|0|0.0|264|TEE39264D|15|52|0|0|
2|TEE|3.0|36.0|0.0|0.0|1|t0|TEE39264D|237|0||||||||TEE|-9999.0|301|0| | |MATCH| |39|5|0|0.0|264|TEE39264D|15|52|0|0|
2|REDTEE|1.0|1.5|0.75|1.0|1|t0|RTEE41J150G|239|0||||||||RTEE|-9999.0|421|421|3000#|3000#|NREQD|NREQD|41|5|5|0.0|150|RTEE41J150G|7|52|0|0|
2|WOLET|3.0|36.0|2.0|2.0|1|olet0|WOL1575150D|288|0||||||||WOL|-9999.0|301|301| | |MATCH|MATCH|1575|5|5|0.0|150|WOL1575150D|15|52|0|0|
2|WOLET|4.0|36.0|1.5|1.5|1|olet0|WOL1575150D|288|0||||||||WOL|-9999.0|301|301| | |MATCH|S-160|1575|5|5|0.0|150|WOL1575150D|15|52|203|0|
2|WOLET|4.0|36.0|3.0|34.0|1|olet0|WOL1575150D|288|0||||||||WOL|-9999.0|301|301| | |MATCH|MATCH|1575|5|5|0.0|150|WOL1575150D|15|52|0|0|
2|SOLET|2.0|2.0|0.75|1.5|1|olet0|SOL1575J150DG|289|0||||||||SOL|-9999.0|301|421| |3000#|NREQD|NREQD|1575|5|5|0.0|150|SOL1575J150DG|15|52|0|0|
2|SOLET|3.0|36.0|0.75|1.5|1|olet0|SOL1575J150DG|289|0||||||||SOL|-9999.0|301|421| |3000#|NREQD|NREQD|1575|5|5|0.0|150|SOL1575J150DG|15|52|0|0|
2|BALL|2.0|2.0|0.0|0.0|1|bal0|BALLP40D252A9|23|0||||||||BALLP|300.0|21|0|300#| |NREQD| |40|5|0|9.0|252|BALLP40D252A9|7|52|0|0|
2|BALL|3.0|4.0|0.0|0.0|1|bal0|BALLP40D252A9|23|0||||||||BALLP|300.0|21|0|300#| |NREQD| |40|5|0|9.0|252|BALLP40D252A9|7|52|0|0|
2|EOLET|4.0|12.0|1.5|1.5|1|eolet0|EOL1575150D|292|0||||||||EOL|-9999.0|301|301| | |MATCH|S-160|1575|5|5|0.0|150|EOL1575150D|15|52|203|0|
2|LOLET|4.0|12.0|1.5|1.5|1|lat0|LOL1575150D|293|0||||||||LOL|-9999.0|301|301| | |MATCH|S-160|1575|5|5|0.0|150|LOL1575150D|15|52|203|0|
2|FOLET|2.0|2.0|0.75|1.5|1|flat0|FOL1575J150DG|286|0||||||||FOL|-9999.0|301|421| |3000#|NREQD|NREQD|1575|5|5|0.0|150|FOL1575J150DG|15|52|0|0|
2|FOLET|3.0|4.0|0.75|1.5|1|flat0|FOL1575J150DG|286|0||||||||FOL|-9999.0|301|421| |3000#|NREQD|NREQD|1575|5|5|0.0|150|FOL1575J150DG|15|52|0|0|
2|RPAD|14.0|24.0|10.0|20.0|1|rpad0|PAD6142F|295|0||||||||PAD|-9999.0|391|391| | | | |6|5|5|0.0|142|PAD6142F|15|0|0|0|
2|RPAD|26.0|36.0|10.0|34.0|1|rpad0|PAD6116F|295|0||||||||PAD|-9999.0|391|391| | | | |6|5|5|0.0|116|PAD6116F|15|0|0|0|
2|RPAD|14.0|24.0|10.0|20.0|699|rpad0|PAD6142F1|295|0||||||||PAD|-9999.0|391|391| | | | |6|5|5|1.0|142|PAD6142F1|15|0|0|0|
2|RPAD|26.0|36.0|10.0|34.0|699|rpad0|PAD6116F1|295|0||||||||PAD|-9999.0|391|391| | | | |6|5|5|1.0|116|PAD6116F1|15|0|0|0|
2|NIPPLE|0.5|0.5|0.0|0.0|1|nip0|NIP100162F3|303|0||||||||NIP|-9999.0|391|0| | |S-160| |100|5|0|3.0|162|NIP100162F3|7|52|223|0|
2|NIPPLE|0.75|1.5|0.0|0.0|1|nip0|NIP100162F3|303|0||||||||NIP|-9999.0|391|0| | |S-160| |100|5|0|3.0|162|NIP100162F3|7|52|0|0|
2|NIPPLE|0.5|0.5|0.0|0.0|728|nip0|NIP100162F4|303|0||||||||NIP|-9999.0|391|0| | |S-160| |100|5|0|4.0|162|NIP100162F4|7|52|223|0|
2|NIPPLE|0.75|1.5|0.0|0.0|728|nip0|NIP100162F4|303|0||||||||NIP|-9999.0|391|0| | |S-160| |100|5|0|4.0|162|NIP100162F4|7|52|0|0|
2|NIPPLE|0.75|1.5|0.0|0.0|734|nip0|NIP100162F5|303|0||||||||NIP|-9999.0|391|0| | |S-160| |100|5|0|5.0|162|NIP100162F5|7|52|0|0|
2|NIPPLE|0.5|0.5|0.0|0.0|740|nip0|NIP100162F6|303|0||||||||NIP|-9999.0|391|0| | |S-160| |100|5|0|6.0|162|NIP100162F6|7|52|223|0|
2|NIPPLE|0.75|1.5|0.0|0.0|740|nip0|NIP100162F6|303|0||||||||NIP|-9999.0|391|0| | |S-160| |100|5|0|6.0|162|NIP100162F6|7|52|0|0|
2|NIPPLE|0.75|1.5|0.0|0.0|746|nip0|NIP100162F7|303|0||||||||NIP|-9999.0|391|0| | |S-160| |100|5|0|7.0|162|NIP100162F7|7|52|0|0|
2|NIPPLE|0.75|1.5|0.0|0.0|750|nip0|NIP100162F8|303|0||||||||NIP|-9999.0|391|0| | |S-160| |100|5|0|8.0|162|NIP100162F8|7|52|0|0|
2|NIPPLE|0.75|1.5|0.0|0.0|751|nip0|NIP100162F9|303|0||||||||NIP|-9999.0|391|0| | |S-160| |100|5|0|9.0|162|NIP100162F9|7|52|0|0|
2|NIPPLE|0.75|1.5|0.0|0.0|752|nip0|NIP100162F10|303|0||||||||NIP|-9999.0|391|0| | |S-160| |100|5|0|10.0|162|NIP100162F10|7|52|0|0|
2|NIPPLE|0.75|1.5|0.0|0.0|753|nip0|NIP100162F11|303|0||||||||NIP|-9999.0|391|0| | |S-160| |100|5|0|11.0|162|NIP100162F11|7|52|0|0|
2|NIPPLE|0.75|1.5|0.0|0.0|754|nip0|NIP100162F12|303|0||||||||NIP|-9999.0|391|0| | |S-160| |100|5|0|12.0|162|NIP100162F12|7|52|0|0|
2|GASKET|0.75|8.0|0.0|0.0|1| |GASK161E3653B|0|0||||||||GASK|-9999.0|121|0|600| | | |161|5|0|0.125|3653|GASK161E3653B|7|0|0|0|
2|GASKET|0.75|24.0|0.0|0.0|1| |GASK161D3653B|0|0||||||||GASK|-9999.0|121|0|300| | | |161|5|0|0.125|3653|GASK161D3653B|7|0|0|0|
2|GASKET|2.0|24.0|0.0|0.0|1| |GASK161D3653A|0|0||||||||GASK|-9999.0|21|0|300| | | |161|29|0|0.125|3653|GASK161D3653A|7|0|0|0|
2|GASKET|6.0|24.0|0.0|0.0|1| |GASK161D3653C|0|0||||||||GASK|-9999.0|161|0|300| | | |161|5|0|0.125|3653|GASK161D3653C|7|0|0|0|
2|GASKET|26.0|36.0|0.0|0.0|1| |GASK161D3663B|0|0||||||||GASK|-9999.0|121|0|300| | | |161|80|0|0.125|3663|GASK161D3663B|7|0|0|0|
2|STUD|0.75|36.0|0.0|0.0|1| |STUD81D4031|0|0||||||||STUD|-9999.0|0|0|300| | | |81|0|0|0.0|4031|STUD81D4031|7|0|0|0|
1|PIPING|0.75|1.5|0.0|0.0|1|pipe|PIPE100162F100|0|0||||||||PIPE||391|0|||S-XS||100|5|0|100.0|162|PIPE100162F100|7|52|||
1|PIPING|2.0|2.0|0.0|0.0|1|pipe|PIPE100142D100|0|0||||||||PIPE||301|0|||S-STD||100|5|0|100.0|142|PIPE100142D100|15|52|||
1|PIPING|3.0|24.0|0.0|0.0|1|pipe|PIPE100142D100|0|0||||||||PIPE||301|0|||S-STD||100|5|0|100.0|142|PIPE100142D100|15|52|||
1|PIPING|26.0|36.0|0.0|0.0|1|pipe|PIPE100116D95|0|0||||||||PIPE||301|0|||CALC||100|5|0|95.0|116|PIPE100116D95|15|52|||
1|BALL|3.0|8.0|0.0|0.0|1|bal0|BAL40252D33|23|0||||||||BAL||301|0|||MATCH||40|5|0|33.0|252|BAL40252D33|7|52|||
1|EL45T|2.0|2.0|0.0|0.0|1|pb0|45E39264D|175|0||||||||45E||301|0|||MATCH||39|5|0|0.0|264|45E39264D|15|52|||
1|EL45T|3.0|36.0|0.0|0.0|1|pb0|45E39264D|175|0||||||||45E||301|0|||MATCH||39|5|0|0.0|264|45E39264D|15|52|||
1|EL45|0.75|1.5|0.0|0.0|1|e45_0|45E41J150G|173|0||||||||45E||421|0|3000#||NREQD||41|5|0|0.0|150|45E41J150G|7|52|||
1|EL45|2.0|2.0|0.0|0.0|1|e45_0|45E39264D|173|0||||||||45E||301|0|||MATCH||39|5|0|0.0|264|45E39264D|15|52|||
1|EL45|3.0|36.0|0.0|0.0|1|e45_0|45E39264D|173|0||||||||45E||301|0|||MATCH||39|5|0|0.0|264|45E39264D|15|52|||
1|EL90T|2.0|2.0|0.0|0.0|1|pb0|90E39264D|196|0||||||||90E||301|0|||MATCH||39|5|0|0.0|264|90E39264D|15|52|||
1|EL90T|3.0|36.0|0.0|0.0|1|pb0|90E39264D|196|0||||||||90E||301|0|||MATCH||39|5|0|0.0|264|90E39264D|15|52|||
1|EL90|0.75|1.5|0.0|0.0|1|e90_0|90E41J150G|193|0||||||||90E||421|0|3000#||NREQD||41|5|0|0.0|150|90E41J150G|7|52|||
1|EL90|2.0|2.0|0.0|0.0|1|e90_0|90E39264D|193|0||||||||90E||301|0|||MATCH||39|5|0|0.0|264|90E39264D|15|52|||
1|EL90|3.0|36.0|0.0|0.0|1|e90_0|90E39264D|193|0||||||||90E||301|0|||MATCH||39|5|0|0.0|264|90E39264D|15|52|||
1|E90SR|2.0|2.0|0.0|0.0|1|e90_0|90ESR58264D|193|0||||||||90ESR||301|0|||MATCH||58|5|0|0.0|264|90ESR58264D|15|52|||
1|E90SR|3.0|18.0|0.0|0.0|1|e90_0|90ESR58264D|193|0||||||||90ESR||301|0|||MATCH||58|5|0|0.0|264|90ESR58264D|15|52|||
1|TEE|0.75|1.5|0.0|0.0|1|t0|TEE41J150G|237|0||||||||TEE||421|0|3000#||NREQD||41|5|0|0.0|150|TEE41J150G|7|52|||
1|TEE|2.0|2.0|0.0|0.0|1|t0|TEE39264D|237|0||||||||TEE||301|0|||MATCH||39|5|0|0.0|264|TEE39264D|15|52|||
1|TEE|3.0|36.0|0.0|0.0|1|t0|TEE39264D|237|0||||||||TEE||301|0|||MATCH||39|5|0|0.0|264|TEE39264D|15|52|||
1|REDTEE|1.0|1.5|0.75|1.0|1|t0|RTEE41J150G|239|0||||||||RTEE||421|421|3000#|3000#|NREQD|NREQD|41|5|5|0.0|150|RTEE41J150G|7|52|||
1|WOLET|3.0|36.0|2.0|2.0|1|olet0|WOL1575150D|288|0||||||||WOL||301|301|||MATCH|MATCH|1575|5|5|0.0|150|WOL1575150D|15|52|||
1|WOLET|4.0|36.0|1.5|1.5|1|olet0|WOL1575150D|288|0||||||||WOL||301|301|||MATCH|S-160|1575|5|5|0.0|150|WOL1575150D|15|52|||
1|WOLET|4.0|36.0|3.0|34.0|1|olet0|WOL1575150D|288|0||||||||WOL||301|301|||MATCH|MATCH|1575|5|5|0.0|150|WOL1575150D|15|52|||
1|SOLET|2.0|2.0|0.75|1.5|1|olet0|SOL1575J150DG|289|0||||||||SOL||301|421||3000#|NREQD|NREQD|1575|5|5|0.0|150|SOL1575J150DG|15|52|||
1|SOLET|3.0|36.0|0.75|1.5|1|olet0|SOL1575J150DG|289|0||||||||SOL||301|421||3000#|NREQD|NREQD|1575|5|5|0.0|150|SOL1575J150DG|15|52|||
3|PIPING|0.75|1.5|0.0|0.0|1|pipe|PIPE100162F100|0|0||||||||PIPE|-9999.0|391|0| | |S-XS| |100|5|0|100.0|162|PIPE100162F100|7|52|0|0|
3|PIPING|2.0|2.0|0.0|0.0|1|pipe|PIPE100142D100|0|0||||||||PIPE|-9999.0|301|0| | |S-STD| |100|5|0|100.0|142|PIPE100142D100|15|52|0|0|
3|PIPING|3.0|12.0|0.0|0.0|1|pipe|PIPE100142D100|0|0||||||||PIPE|-9999.0|301|0| | |S-STD| |100|5|0|100.0|142|PIPE100142D100|15|52|0|0|
3|PIPING|14.0|24.0|0.0|0.0|1|pipe|PIPE100142D100|0|0||||||||PIPE|-9999.0|301|0| | |CALC| |100|5|0|100.0|142|PIPE100142D100|15|52|0|0|
3|GATE|0.75|1.5|0.0|0.0|1|gat0|RPGAT4625F150G3|17|0||||||||RPGAT|-9999.0|421|0|800#| |NREQD| |4625|5|0|3.0|150|RPGAT4625F150G3|7|52|0|0|
3|GATE|0.75|1.5|0.0|0.0|221|gat0|GAT40D150A3|18|0||||||||GAT|-9999.0|21|0|300#| |NREQD| |40|5|0|3.0|150|GAT40D150A3|7|52|206|0|
3|GATE|0.75|1.5|0.0|0.0|781|gat0|GAT40E150A3|18|0||||||||GAT|-9999.0|21|0|600#| |NREQD| |40|5|0|3.0|150|GAT40E150A3|7|52|201|0|
3|GATE|2.0|2.0|0.0|0.0|1|gat0|GAT40D252D3|18|0||||||||GAT|-9999.0|301|0|300#| |MATCH| |40|5|0|3.0|252|GAT40D252D3|7|52|0|0|
3|GATE|2.0|2.0|0.0|0.0|221|gat0|GAT40D252A3|18|0||||||||GAT|-9999.0|21|0|300#| |NREQD| |40|5|0|3.0|252|GAT40D252A3|7|52|206|0|
3|GATE|2.0|2.0|0.0|0.0|781|gat0|GAT40E252A3|18|0||||||||GAT|-9999.0|21|0|600#| |NREQD| |40|5|0|3.0|252|GAT40E252A3|7|52|201|0|
3|GATE|3.0|10.0|0.0|0.0|1|gat0|GAT40D252D3|18|0||||||||GAT|-9999.0|301|0|300#| |MATCH| |40|5|0|3.0|252|GAT40D252D3|7|52|0|0|
3|GATE|3.0|10.0|0.0|0.0|221|gat0|GAT40D252A3|18|0||||||||GAT|-9999.0|21|0|300#| |NREQD| |40|5|0|3.0|252|GAT40D252A3|7|52|206|0|
3|GATE|3.0|8.0|0.0|0.0|781|gat0|GAT40E252A3|18|0||||||||GAT|-9999.0|21|0|600#| |NREQD| |40|5|0|3.0|252|GAT40E252A3|7|52|201|0|
3|GATE|12.0|24.0|0.0|0.0|1|gat0|GAT40D252D33|18|0||||||||GAT|-9999.0|301|0|300#| |MATCH| |40|5|0|33.0|252|GAT40D252D33|7|52|0|0|
3|GATE|12.0|24.0|0.0|0.0|221|gat0|GAT40D252A33|18|0||||||||GAT|-9999.0|21|0|300#| |NREQD| |40|5|0|33.0|252|GAT40D252A33|7|52|206|0|
3|GLOBE|0.75|1.5|0.0|0.0|1|glo0|GLO4625F150G3|28|0||||||||GLO|-9999.0|421|0|800#| |NREQD| |4625|5|0|3.0|150|GLO4625F150G3|7|52|0|0|
3|GLOBE|2.0|2.0|0.0|0.0|1|glo0|GLO40D252D3|28|0||||||||GLO|-9999.0|301|0|300#| |MATCH| |40|5|0|3.0|252|GLO40D252D3|7|52|0|0|
3|GLOBE|3.0|6.0|0.0|0.0|1|glo0|GLO40D252D3|28|0||||||||GLO|-9999.0|301|0|300#| |MATCH| |40|5|0|3.0|252|GLO40D252D3|7|52|0|0|
3|CHECK|0.75|1.5|0.0|0.0|1|chk0|CHK1577F150G|55|0||||||||CHK|-9999.0|421|0|800#| |NREQD| |1577|5|0|0.0|150|CHK1577F150G|7|52|220|0|
3|CHECK|2.0|2.0|0.0|0.0|1|chk0|CHK40D252D|55|0||||||||CHK|-9999.0|301|0|300#| |MATCH| |40|5|0|0.0|252|CHK40D252D|7|52|0|0|
3|CHECK|3.0|24.0|0.0|0.0|1|chk0|CHK40D252D|55|0||||||||CHK|-9999.0|301|0|300#| |MATCH| |40|5|0|0.0|252|CHK40D252D|7|52|0|0|
3|VDVALV|0.75|1.5|0.0|0.0|1|vd0|GAT4625F150GH3|18|0||||||||GAT|-9999.0|421|441|800#|800#|NREQD|NREQD|4625|5|5|3.0|150|GAT4625F150GH3|7|52|208|0|
3|IRVALV|0.5|1.0|0.0|0.0|1|gat0|GAT4625F150GH3|18|0||||||||GAT|-9999.0|421|441|800#|800#|NREQD|NREQD|4625|5|5|3.0|150|GAT4625F150GH3|7|52|223|0|
3|IRVALV|1.5|1.5|0.0|0.0|1|gat0|GAT40D150A3|18|0||||||||GAT|-9999.0|21|0|300#| |NREQD| |40|5|0|3.0|150|GAT40D150A3|7|52|201|0|
3|IRVALV|2.0|2.0|0.0|0.0|1|gat0|GAT40D252A3|18|0||||||||GAT|-9999.0|21|0|300#| |NREQD| |40|5|0|3.0|252|GAT40D252A3|7|52|201|0|
3|FLANGE|0.75|1.5|0.0|0.0|1|flg0|SWF35D150AG|117|0||||||||SWF|-9999.0|21|421|300#|300#|NREQD|MATCH|35|5|5|0.0|150|SWF35D150AG|7|52|201|0|
3|FLANGE|0.75|1.5|0.0|0.0|165|flg0|SWF35D150AG|117|0||||||||SWF|-9999.0|21|421|300#|300#|NREQD|S-160|35|5|5|0.0|150|SWF35D150AG|7|52|0|0|
3|FLANGE|0.75|1.5|0.0|0.0|781|flg0|SWF35E150AG|117|0||||||||SWF|-9999.0|21|421|600#|600#|NREQD|MATCH|35|5|5|0.0|150|SWF35E150AG|7|52|201|0|
3|FLANGE|1.5|1.5|0.0|0.0|171|flg0|WNF35D150AD|117|0||||||||WNF|-9999.0|21|301|300#|300#|NREQD|S-160|35|5|5|0.0|150|WNF35D150AD|15|52|203|0|
3|FLANGE|2.0|2.0|0.0|0.0|1|flg0|WNF35D150AD|117|0||||||||WNF|-9999.0|21|301|300#|300#|NREQD|MATCH|35|5|5|0.0|150|WNF35D150AD|15|52|201|0|
3|FLANGE|2.0|2.0|0.0|0.0|781|flg0|WNF35E150AD|117|0||||||||WNF|-9999.0|21|301|600#|600#|NREQD|MATCH|35|5|5|0.0|150|WNF35E150AD|15|52|201|0|
3|FLANGE|3.0|24.0|0.0|0.0|1|flg0|WNF35D150AD|117|0||||||||WNF|-9999.0|21|301|300#|300#|NREQD|MATCH|35|5|5|0.0|150|WNF35D150AD|15|52|201|0|
3|FLANGE|3.0|24.0|0.0|0.0|781|flg0|WNF35E150AD|117|0||||||||WNF|-9999.0|21|301|600#|600#|NREQD|MATCH|35|5|5|0.0|150|WNF35E150AD|15|52|201|0|
3|RFLANG|1.0|3.0|0.75|1.0|1|flg0|RSWF6D150AG|119|0||||||||RSWF|-9999.0|21|421|300#|300#|NREQD|S-160|6|5|5|0.0|150|RSWF6D150AG|7|52|0|0|
3|RFLANG|1.0|3.0|0.75|1.0|781|flg0|RSWF6E150AG|119|0||||||||RSWF|-9999.0|21|421|600#|600#|NREQD|S-160|6|5|5|0.0|150|RSWF6E150AG|7|52|201|0|
3|OFLANG|2.0|24.0|0.0|0.0|1|orf0|WNORF66D150AD1|120|0||||||||WNORF|-9999.0|21|301|300#|300#|NREQD|MATCH|66|29|5|1.0|150|WNORF66D150AD1|15|52|0|0|
3|BFLANG|0.75|24.0|0.0|0.0|1|dsk0|BLI35D150A|124|0||||||||BLI|-9999.0|21|0|300#| |NREQD| |35|5|0|0.0|150|BLI35D150A|7|52|0|0|
3|OBLANK|0.75|10.0|0.0|0.0|1|dsk0|F8FO146D356B|126|0||||||||F8FO|-9999.0|121|0|300#| |NREQD| |146|5|0|0.0|356|F8FO146D356B|7|52|0|0|
3|OBLANK|0.75|8.0|0.0|0.0|781|dsk0|F8FO146E356B|126|0||||||||F8FO|-9999.0|121|0|600#| |NREQD| |146|5|0|0.0|356|F8FO146E356B|7|52|201|0|
3|CBLANK|0.75|10.0|0.0|0.0|1|dsk0|F8FC146D356B|127|0||||||||F8FC|-9999.0|121|0|300#| |NREQD| |146|5|0|0.0|356|F8FC146D356B|7|52|0|0|
3|CBLANK|0.75|8.0|0.0|0.0|781|dsk0|F8FC146E356B|127|0||||||||F8FC|-9999.0|121|0|600#| |NREQD| |146|5|0|0.0|356|F8FC146E356B|7|52|201|0|
3|PADDLE|12.0|24.0|0.0|0.0|1|spc0|PADL146D356B|128|0||||||||PADL|-9999.0|121|0|300#| |NREQD| |146|5|0|0.0|356|PADL146D356B|7|52|0|0|
3|SPACER|12.0|24.0|0.0|0.0|1|spc0|SPA146D356B|129|0||||||||SPA|-9999.0|121|0|300#| |NREQD| |146|5|0|0.0|356|SPA146D356B|7|52|0|0|
3|HEAD|0.75|1.5|0.0|0.0|163|plg0|PLUG41150E|135|0||||||||PLUG|-9999.0|331|0| | |NREQD| |41|5|0|0.0|150|PLUG41150E|7|52|0|0|
3|PLUG|0.75|1.5|0.0|0.0|1|plg0|PLUG41150E|135|0||||||||PLUG|500.0|331|0| | |NREQD| |41|5|0|0.0|150|PLUG41150E|7|52|0|0|
3|CAP|0.75|1.5|0.0|0.0|1|cap0|CAP5375J150G|137|0||||||||CAP|-9999.0|421|0|3000#| |NREQD| |5375|5|0|0.0|150|CAP5375J150G|7|52|0|0|
3|CAP|2.0|2.0|0.0|0.0|1|cap0|CAP5150264D|137|0||||||||CAP|-9999.0|301|0| | |MATCH| |5150|5|0|0.0|264|CAP5150264D|15|52|0|0|
3|CAP|3.0|24.0|0.0|0.0|1|cap0|CAP5150264D|137|0||||||||CAP|-9999.0|301|0| | |MATCH| |5150|5|0|0.0|264|CAP5150264D|15|52|0|0|
3|CONRED|1.0|1.5|0.75|1.0|1|cred0|CSWG297264F|143|0||||||||CSWG|-9999.0|391|391| | |MATCH|MATCH|297|5|5|0.0|264|CSWG297264F|7|52|0|0|
3|CONRED|2.0|2.0|0.75|1.5|1|cred0|CSWG297264DF|143|0||||||||CSWG|-9999.0|301|391| | |MATCH|MATCH|297|5|5|0.0|264|CSWG297264DF|15|52|0|0|
3|CONRED|3.0|4.0|0.75|1.5|1|cred0|CSWG297264DF|143|0||||||||CSWG|-9999.0|301|391| | |MATCH|MATCH|297|5|5|0.0|264|CSWG297264DF|15|52|0|0|
3|CONRED|3.0|4.0|2.0|2.0|1|cred0|CRED39264D|143|0||||||||CRED|-9999.0|301|301| | |MATCH|MATCH|39|5|5|0.0|264|CRED39264D|15|52|0|0|
3|CONRED|4.0|24.0|3.0|20.0|1|cred0|CRED39264D|143|0||||||||CRED|-9999.0|301|301| | |MATCH|MATCH|39|5|5|0.0|264|CRED39264D|15|52|0|0|
3|ECCRED|1.0|1.5|0.75|1.0|1|ered0|ESWG297264F|144|0||||||||ESWG|-9999.0|391|391| | |MATCH|MATCH|297|5|5|0.0|264|ESWG297264F|7|52|0|0|
3|ECCRED|2.0|2.0|0.75|1.5|1|ered0|ESWG297264DF|144|0||||||||ESWG|-9999.0|301|391| | |MATCH|MATCH|297|5|5|0.0|264|ESWG297264DF|15|52|0|0|
3|ECCRED|3.0|4.0|0.75|1.5|1|ered0|ESWG297264DF|144|0||||||||ESWG|-9999.0|301|391| | |MATCH|MATCH|297|5|5|0.0|264|ESWG297264DF|15|52|0|0|
3|ECCRED|3.0|4.0|2.0|2.0|1|ered0|ERED39264D|144|0||||||||ERED|-9999.0|301|301| | |MATCH|MATCH|39|5|5|0.0|264|ERED39264D|15|52|0|0|
3|ECCRED|4.0|24.0|3.0|20.0|1|ered0|ERED39264D|144|0||||||||ERED|-9999.0|301|301| | |MATCH|MATCH|39|5|5|0.0|264|ERED39264D|15|52|0|0|
3|CPLNG|0.75|1.5|0.0|0.0|1|cpl0|CPL41J150G|140|0||||||||CPL|-9999.0|421|0|3000#| |NREQD| |41|5|0|0.0|150|CPL41J150G|7|52|0|0|
3|UNION|0.75|1.5|0.0|0.0|1|un0|UN293J150G|155|0||||||||UN|500.0|421|0|3000#| |NREQD| |293|5|0|0.0|150|UN293J150G|7|52|0|0|
3|EL45T|2.0|2.0|0.0|0.0|1|pb0|45E39264D|175|0||||||||45E|-9999.0|301|0| | |MATCH| |39|5|0|0.0|264|45E39264D|15|52|0|0|
3|EL45T|3.0|24.0|0.0|0.0|1|pb0|45E39264D|175|0||||||||45E|-9999.0|301|0| | |MATCH| |39|5|0|0.0|264|45E39264D|15|52|0|0|
3|EL45|0.75|1.5|0.0|0.0|1|e45_0|45E41J150G|173|0||||||||45E|-9999.0|421|0|3000#| |NREQD| |41|5|0|0.0|150|45E41J150G|7|52|0|0|
3|EL45|2.0|2.0|0.0|0.0|1|e45_0|45E39264D|173|0||||||||45E|-9999.0|301|0| | |MATCH| |39|5|0|0.0|264|45E39264D|15|52|0|0|
3|EL45|3.0|24.0|0.0|0.0|1|e45_0|45E39264D|173|0||||||||45E|-9999.0|301|0| | |MATCH| |39|5|0|0.0|264|45E39264D|15|52|0|0|
3|EL90T|2.0|2.0|0.0|0.0|1|pb0|90E39264D|196|0||||||||90E|-9999.0|301|0| | |MATCH| |39|5|0|0.0|264|90E39264D|15|52|0|0|
3|EL90T|3.0|24.0|0.0|0.0|1|pb0|90E39264D|196|0||||||||90E|-9999.0|301|0| | |MATCH| |39|5|0|0.0|264|90E39264D|15|52|0|0|
3|EL90|0.75|1.5|0.0|0.0|1|e90_0|90E41J150G|193|0||||||||90E|-9999.0|421|0|3000#| |NREQD| |41|5|0|0.0|150|90E41J150G|7|52|0|0|
3|EL90|2.0|2.0|0.0|0.0|1|e90_0|90E39264D|193|0||||||||90E|-9999.0|301|0| | |MATCH| |39|5|0|0.0|264|90E39264D|15|52|0|0|
3|EL90|3.0|24.0|0.0|0.0|1|e90_0|90E39264D|193|0||||||||90E|-9999.0|301|0| | |MATCH| |39|5|0|0.0|264|90E39264D|15|52|0|0|
3|E90SR|2.0|2.0|0.0|0.0|1|e90_0|90ESR58264D|195|0||||||||90ESR|-9999.0|301|0| | |MATCH| |58|5|0|0.0|264|90ESR58264D|15|52|0|0|
3|E90SR|3.0|10.0|0.0|0.0|1|e90_0|90ESR58264D|195|0||||||||90ESR|-9999.0|301|0| | |MATCH| |58|5|0|0.0|264|90ESR58264D|15|52|0|0|
3|TEE|0.75|1.5|0.0|0.0|1|t0|TEE41J150G|237|0||||||||TEE|-9999.0|421|0|3000#| |NREQD| |41|5|0|0.0|150|TEE41J150G|7|52|0|0|
3|TEE|2.0|2.0|0.0|0.0|1|t0|TEE39264D|237|0||||||||TEE|-9999.0|301|0| | |MATCH| |39|5|0|0.0|264|TEE39264D|15|52|0|0|
3|TEE|3.0|24.0|0.0|0.0|1|t0|TEE39264D|237|0||||||||TEE|-9999.0|301|0| | |MATCH| |39|5|0|0.0|264|TEE39264D|15|52|0|0|
3|REDTEE|1.0|1.5|0.75|1.0|1|t0|RTEE41J150G|239|0||||||||RTEE|-9999.0|421|421|3000#|3000#|NREQD|NREQD|41|5|5|0.0|150|RTEE41J150G|7|52|0|0|
3|REDTEE|2.0|10.0|1.5|8.0|1|t0|RTEE39264D|239|0||||||||RTEE|-9999.0|301|301| | |MATCH|MATCH|39|5|5|0.0|264|RTEE39264D|15|52|0|0|
3|WOLET|3.0|24.0|2.0|2.0|1|olet0|WOL1575150D|288|0||||||||WOL|-9999.0|301|301| | |MATCH|MATCH|1575|5|5|0.0|150|WOL1575150D|15|52|0|0|
3|WOLET|4.0|24.0|1.5|1.5|1|olet0|WOL1575150D|288|0||||||||WOL|-9999.0|301|301| | |MATCH|S-160|1575|5|5|0.0|150|WOL1575150D|15|52|203|0|
3|WOLET|4.0|24.0|3.0|20.0|1|olet0|WOL1575150D|288|0||||||||WOL|-9999.0|301|301| | |MATCH|MATCH|1575|5|5|0.0|150|WOL1575150D|15|52|0|0|
3|SOLET|2.0|2.0|0.75|1.5|1|olet0|SOL1575J150DG|289|0||||||||SOL|-9999.0|301|421| |3000#|NREQD|NREQD|1575|5|5|0.0|150|SOL1575J150DG|15|52|0|0|
3|SOLET|3.0|24.0|0.75|1.5|1|olet0|SOL1575J150DG|289|0||||||||SOL|-9999.0|301|421| |3000#|NREQD|NREQD|1575|5|5|0.0|150|SOL1575J150DG|15|52|0|0|
3|EOLET|4.0|12.0|1.5|1.5|1|eolet0|EOL1575150D|292|0||||||||EOL|-9999.0|301|301| | |MATCH|S-160|1575|5|5|0.0|150|EOL1575150D|15|52|203|0|
3|LOLET|4.0|12.0|1.5|1.5|1|lat0|LOL1575150D|293|0||||||||LOL|-9999.0|301|301| | |MATCH|S-160|1575|5|5|0.0|150|LOL1575150D|15|52|203|0|
3|FOLET|2.0|2.0|0.75|1.5|1|flat0|FOL1575J150DG|286|0||||||||FOL|-9999.0|301|421| |3000#|NREQD|NREQD|1575|5|5|0.0|150|FOL1575J150DG|15|52|0|0|
3|FOLET|3.0|24.0|0.75|1.5|1|flat0|FOL1575J150DG|286|0||||||||FOL|-9999.0|301|421| |3000#|NREQD|NREQD|1575|5|5|0.0|150|FOL1575J150DG|15|52|0|0|
3|RPAD|14.0|24.0|10.0|20.0|1|rpad0|PAD6142F|295|0||||||||PAD|-9999.0|391|391| | | | |6|5|5|0.0|142|PAD6142F|15|0|0|0|
3|RPAD|14.0|24.0|10.0|20.0|699|rpad0|PAD6142F1|295|0||||||||PAD|-9999.0|391|391| | | | |6|5|5|1.0|142|PAD6142F1|15|0|0|0|
3|NIPPLE|0.5|0.5|0.0|0.0|1|nip0|NIP100162F3|303|0||||||||NIP|-9999.0|391|0| | |S-160| |100|5|0|3.0|162|NIP100162F3|7|52|223|0|
3|NIPPLE|0.75|1.5|0.0|0.0|1|nip0|NIP100162F3|303|0||||||||NIP|-9999.0|391|0| | |S-160| |100|5|0|3.0|162|NIP100162F3|7|52|0|0|
3|NIPPLE|0.5|0.5|0.0|0.0|728|nip0|NIP100162F4|303|0||||||||NIP|-9999.0|391|0| | |S-160| |100|5|0|4.0|162|NIP100162F4|7|52|223|0|
3|NIPPLE|0.75|1.5|0.0|0.0|728|nip0|NIP100162F4|303|0||||||||NIP|-9999.0|391|0| | |S-160| |100|5|0|4.0|162|NIP100162F4|7|52|0|0|
3|NIPPLE|0.75|1.5|0.0|0.0|734|nip0|NIP100162F5|303|0||||||||NIP|-9999.0|391|0| | |S-160| |100|5|0|5.0|162|NIP100162F5|7|52|0|0|
3|NIPPLE|0.5|0.75|0.0|0.0|740|nip0|NIP100162F6|303|0||||||||NIP|-9999.0|391|0| | |S-160| |100|5|0|6.0|162|NIP100162F6|7|52|223|0|
3|NIPPLE|0.75|1.5|0.0|0.0|740|nip0|NIP100162F6|303|0||||||||NIP|-9999.0|391|0| | |S-160| |100|5|0|6.0|162|NIP100162F6|7|52|0|0|
3|NIPPLE|0.75|1.5|0.0|0.0|746|nip0|NIP100162F7|303|0||||||||NIP|-9999.0|391|0| | |S-160| |100|5|0|7.0|162|NIP100162F7|7|52|0|0|
3|NIPPLE|0.75|1.5|0.0|0.0|750|nip0|NIP100162F8|303|0||||||||NIP|-9999.0|391|0| | |S-160| |100|5|0|8.0|162|NIP100162F8|7|52|0|0|
3|NIPPLE|0.75|1.5|0.0|0.0|751|nip0|NIP100162F9|303|0||||||||NIP|-9999.0|391|0| | |S-160| |100|5|0|9.0|162|NIP100162F9|7|52|0|0|
3|NIPPLE|0.75|1.5|0.0|0.0|752|nip0|NIP100162F10|303|0||||||||NIP|-9999.0|391|0| | |S-160| |100|5|0|10.0|162|NIP100162F10|7|52|0|0|
3|NIPPLE|0.75|1.5|0.0|0.0|753|nip0|NIP100162F11|303|0||||||||NIP|-9999.0|391|0| | |S-160| |100|5|0|11.0|162|NIP100162F11|7|52|0|0|
3|NIPPLE|0.75|1.5|0.0|0.0|754|nip0|NIP100162F12|303|0||||||||NIP|-9999.0|391|0| | |S-160| |100|5|0|12.0|162|NIP100162F12|7|52|0|0|
3|GASKET|0.75|8.0|0.0|0.0|1|nip0|GASK161E3653B|0|0||||||||GASK|-9999.0|121|0|600| | | |161|5|0|0.125|3653|GASK161E3653B|7|0|0|0|
3|GASKET|0.75|24.0|0.0|0.0|1|nip0|GASK161D3653B|0|0||||||||GASK|-9999.0|121|0|300| | | |161|5|0|0.125|3653|GASK161D3653B|7|0|0|0|
3|GASKET|2.0|24.0|0.0|0.0|1|nip0|GASK161D3653A|0|0||||||||GASK|-9999.0|21|0|300| | | |161|29|0|0.125|3653|GASK161D3653A|7|0|0|0|
3|STUD|0.75|24.0|0.0|0.0|1|nip0|STUD81D4031|0|0||||||||STUD|-9999.0|0|0|300| | | |81|0|0|0.0|4031|STUD81D4031|7|0|0|0|
3|STRAIN|1.5|12.0|0.0|0.0|202|str0|YSTR3775WA|556|0||||||||YSTR|-9999.0|301|0|150||NREQD||3775|5||||YSTR3775WA|7|52|||
3|GLOCV|2.0|6.0|0.0|0.0|1|glo0|CV40D252D3|53|0||||||||CV|-9999.0|301|0|300#| |MATCH| |40|5|0|3.0|252|CV40D252D3|7|52|0|0|
3|GLOCV|2.0|6.0|0.0|0.0|202|glo0|CV40D252A3|53|0||||||||CV|-9999.0|21|0|300#| |NREQD| |40|5|0|3.0|252|CV40D252A3|7|52|0|0|
4|PIPING|2.0|10.0|0.0|0.0|1|pipe|PIPE100142D100|0|0||||||||PIPE|-9999.0|301|0| | |S-STD| |100|5|0|100.0|142|PIPE100142D100|15|52|0|0|
4|GATE|2.0|2.0|0.0|0.0|1|gat0|GAT40B252A3|18|0||||||||GAT|-9999.0|21|0|150#| |NREQD| |40|5|0|3.0|252|GAT40B252A3|7|52|0|0|
4|GATE|3.0|10.0|0.0|0.0|1|gat0|GAT40B252A3|18|0||||||||GAT|-9999.0|21|0|150#| |NREQD| |40|5|0|3.0|252|GAT40B252A3|7|52|0|0|
4|BALL|2.0|2.0|0.0|0.0|1|bal0|BAL40B252A9|23|0||||||||BAL|400.0|21|0|150#| |NREQD| |40|5|0|9.0|252|BAL40B252A9|7|52|0|0|
4|BALL|3.0|4.0|0.0|0.0|1|bal0|BAL40B252A9|23|0||||||||BAL|400.0|21|0|150#| |NREQD| |40|5|0|9.0|252|BAL40B252A9|7|52|0|0|
4|GLOBE|2.0|2.0|0.0|0.0|1|glo0|GLO40B252A3|28|0||||||||GLO|-9999.0|21|0|150#| |NREQD| |40|5|0|3.0|252|GLO40B252A3|7|52|0|0|
4|GLOBE|3.0|6.0|0.0|0.0|1|glo0|GLO40B252A3|28|0||||||||GLO|-9999.0|21|0|150#| |NREQD| |40|5|0|3.0|252|GLO40B252A3|7|52|0|0|
4|FLANGE|2.0|2.0|0.0|0.0|1|flg0|WNF35B150AD|117|0||||||||WNF|-9999.0|21|301|150#|150#|NREQD|MATCH|35|5|5|0.0|150|WNF35B150AD|15|52|201|0|
4|FLANGE|3.0|10.0|0.0|0.0|1|flg0|WNF35B150AD|117|0||||||||WNF|-9999.0|21|301|150#|150#|NREQD|MATCH|35|5|5|0.0|150|WNF35B150AD|15|52|201|0|
4|BFLANG|2.0|10.0|0.0|0.0|1|dsk0|BLI35B150A|124|0||||||||BLI|-9999.0|21|0|150#| |NREQD| |35|5|0|0.0|150|BLI35B150A|7|52|0|0|
4|CAP|2.0|2.0|0.0|0.0|1|cap0|CAP5150264D|137|0||||||||CAP|-9999.0|301|0| | |MATCH| |5150|5|0|0.0|264|CAP5150264D|15|52|0|0|
4|CAP|3.0|10.0|0.0|0.0|1|cap0|CAP5150264D|137|0||||||||CAP|-9999.0|301|0| | |MATCH| |5150|5|0|0.0|264|CAP5150264D|15|52|0|0|
4|CONRED|3.0|4.0|2.0|2.0|1|cred0|CRED39264D|143|0||||||||CRED|-9999.0|301|301| | |MATCH|MATCH|39|5|5|0.0|264|CRED39264D|15|52|0|0|
4|CONRED|4.0|10.0|3.0|8.0|1|cred0|CRED39264D|143|0||||||||CRED|-9999.0|301|301| | |MATCH|MATCH|39|5|5|0.0|264|CRED39264D|15|52|0|0|
4|ECCRED|3.0|4.0|2.0|2.0|1|ered0|ERED39264D|144|0||||||||ERED|-9999.0|301|301| | |MATCH|MATCH|39|5|5|0.0|264|ERED39264D|15|52|0|0|
4|ECCRED|4.0|10.0|3.0|8.0|1|ered0|ERED39264D|144|0||||||||ERED|-9999.0|301|301| | |MATCH|MATCH|39|5|5|0.0|264|ERED39264D|15|52|0|0|
4|CPLNG|2.0|2.0|0.0|0.0|1|cpl0|CPL2155264D|140|0||||||||CPL|-9999.0|301|0| | |MATCH| |2155|5|0|0.0|264|CPL2155264D|15|52|0|0|
4|CPLNG|3.0|8.0|0.0|0.0|1|cpl0|CPL2155264D|140|0||||||||CPL|-9999.0|301|0| | |MATCH| |2155|5|0|0.0|264|CPL2155264D|15|52|0|0|
4|EL45T|2.0|2.0|0.0|0.0|1|pb0|BPIP235142D62D|163|0||||||||BPIP|-9999.0|301|0| | |MATCH| |235|5|0|6.0|142|BPIP235142D62D|15|52|205|0|
4|EL45T|3.0|10.0|0.0|0.0|1|pb0|BPIP235142D62D|163|0||||||||BPIP|-9999.0|301|0| | |MATCH| |235|5|0|6.0|142|BPIP235142D62D|15|52|205|0|
4|EL45T|2.0|2.0|0.0|0.0|124|pb0|BPIP235142D61.5D|163|0||||||||BPIP|-9999.0|301|0| | |MATCH| |235|5|0|6.0|142|BPIP235142D61.5D|15|52|205|0|
4|EL45T|3.0|10.0|0.0|0.0|124|pb0|BPIP235142D61.5D|163|0||||||||BPIP|-9999.0|301|0| | |MATCH| |235|5|0|6.0|142|BPIP235142D61.5D|15|52|205|0|
4|EL45T|2.0|2.0|0.0|0.0|127|pb0|BPIP235142D63D|163|0||||||||BPIP|-9999.0|301|0| | |MATCH| |235|5|0|6.0|142|BPIP235142D63D|15|52|205|0|
4|EL45T|3.0|10.0|0.0|0.0|127|pb0|BPIP235142D63D|163|0||||||||BPIP|-9999.0|301|0| | |MATCH| |235|5|0|6.0|142|BPIP235142D63D|15|52|205|0|
4|EL45T|2.0|2.0|0.0|0.0|134|pb0|BPIP235142D66D|163|0||||||||BPIP|-9999.0|301|0| | |MATCH| |235|5|0|6.0|142|BPIP235142D66D|15|52|205|0|
4|EL45T|3.0|10.0|0.0|0.0|134|pb0|BPIP235142D66D|163|0||||||||BPIP|-9999.0|301|0| | |MATCH| |235|5|0|6.0|142|BPIP235142D66D|15|52|205|0|
4|EL45|2.0|2.0|0.0|0.0|1|pb0|BPIP235142D62D|163|0||||||||BPIP|-9999.0|301|0| | |MATCH| |235|5|0|6.0|142|BPIP235142D62D|15|52|205|0|
4|EL45|3.0|10.0|0.0|0.0|1|pb0|BPIP235142D62D|163|0||||||||BPIP|-9999.0|301|0| | |MATCH| |235|5|0|6.0|142|BPIP235142D62D|15|52|205|0|
4|EL45|2.0|2.0|0.0|0.0|124|pb0|BPIP235142D61.5D|163|0||||||||BPIP|-9999.0|301|0| | |MATCH| |235|5|0|6.0|142|BPIP235142D61.5D|15|52|205|0|
4|EL45|3.0|10.0|0.0|0.0|124|pb0|BPIP235142D61.5D|163|0||||||||BPIP|-9999.0|301|0| | |MATCH| |235|5|0|6.0|142|BPIP235142D61.5D|15|52|205|0|
4|EL45|2.0|2.0|0.0|0.0|127|pb0|BPIP235142D63D|163|0||||||||BPIP|-9999.0|301|0| | |MATCH| |235|5|0|6.0|142|BPIP235142D63D|15|52|205|0|
4|EL45|3.0|10.0|0.0|0.0|127|pb0|BPIP235142D63D|163|0||||||||BPIP|-9999.0|301|0| | |MATCH| |235|5|0|6.0|142|BPIP235142D63D|15|52|205|0|
4|EL45|2.0|2.0|0.0|0.0|134|pb0|BPIP235142D66D|163|0||||||||BPIP|-9999.0|301|0| | |MATCH| |235|5|0|6.0|142|BPIP235142D66D|15|52|205|0|
4|EL45|3.0|10.0|0.0|0.0|134|pb0|BPIP235142D66D|163|0||||||||BPIP|-9999.0|301|0| | |MATCH| |235|5|0|6.0|142|BPIP235142D66D|15|52|205|0|
4|EL90T|2.0|2.0|0.0|0.0|1|pb0|BPIP235142D62D|163|0||||||||BPIP|-9999.0|301|0| | |MATCH| |235|5|0|6.0|142|BPIP235142D62D|15|52|205|0|
4|EL90T|3.0|10.0|0.0|0.0|1|pb0|BPIP235142D62D|163|0||||||||BPIP|-9999.0|301|0| | |MATCH| |235|5|0|6.0|142|BPIP235142D62D|15|52|205|0|
4|EL90T|2.0|2.0|0.0|0.0|124|pb0|BPIP235142D61.5D|163|0||||||||BPIP|-9999.0|301|0| | |MATCH| |235|5|0|6.0|142|BPIP235142D61.5D|15|52|205|0|
4|EL90T|3.0|10.0|0.0|0.0|124|pb0|BPIP235142D61.5D|163|0||||||||BPIP|-9999.0|301|0| | |MATCH| |235|5|0|6.0|142|BPIP235142D61.5D|15|52|205|0|
4|EL90T|2.0|2.0|0.0|0.0|127|pb0|BPIP235142D63D|163|0||||||||BPIP|-9999.0|301|0| | |MATCH| |235|5|0|6.0|142|BPIP235142D63D|15|52|205|0|
4|EL90T|3.0|10.0|0.0|0.0|127|pb0|BPIP235142D63D|163|0||||||||BPIP|-9999.0|301|0| | |MATCH| |235|5|0|6.0|142|BPIP235142D63D|15|52|205|0|
4|EL90T|2.0|2.0|0.0|0.0|134|pb0|BPIP235142D66D|163|0||||||||BPIP|-9999.0|301|0| | |MATCH| |235|5|0|6.0|142|BPIP235142D66D|15|52|205|0|
4|EL90T|3.0|10.0|0.0|0.0|134|pb0|BPIP235142D66D|163|0||||||||BPIP|-9999.0|301|0| | |MATCH| |235|5|0|6.0|142|BPIP235142D66D|15|52|205|0|
4|EL90|2.0|2.0|0.0|0.0|1|pb0|BPIP235142D62D|163|0||||||||BPIP|-9999.0|301|0| | |MATCH| |235|5|0|6.0|142|BPIP235142D62D|15|52|205|0|
4|EL90|3.0|10.0|0.0|0.0|1|pb0|BPIP235142D62D|163|0||||||||BPIP|-9999.0|301|0| | |MATCH| |235|5|0|6.0|142|BPIP235142D62D|15|52|205|0|
4|EL90|2.0|2.0|0.0|0.0|124|pb0|BPIP235142D61.5D|163|0||||||||BPIP|-9999.0|301|0| | |MATCH| |235|5|0|6.0|142|BPIP235142D61.5D|15|52|205|0|
4|WOLET|4.0|10.0|3.0|8.0|1|olet0|WOL1575150D|288|0||||||||WOL|-9999.0|301|301| | |MATCH|MATCH|1575|5|5|0.0|150|WOL1575150D|15|52|0|0|
4|LOLET|4.0|10.0|2.0|2.0|1|lat0|LOL1575150D|293|0||||||||LOL|-9999.0|301|301| | |MATCH|MATCH|1575|5|5|0.0|150|LOL1575150D|15|52|0|0|
4|LOLET|4.0|10.0|3.0|8.0|1|lat0|LOL1575150D|293|0||||||||LOL|-9999.0|301|301| | |MATCH|MATCH|1575|5|5|0.0|150|LOL1575150D|15|52|0|0|
4|GASKET|1.5|10.0|0.0|0.0|1||GASK161B3653B|0|0||||||||GASK|-9999.0|121|0|150| | | |161|5|0|0.125|3653|GASK161B3653B|7|0|0|0|
4|STUD|1.5|10.0|0.0|0.0|1||STUD81B4031|0|0||||||||STUD|-9999.0|0|0|150| | | |81|0|0|0.0|4031|STUD81B4031|7|0|0|0|
4|HBEND|2.0|10.0|0.0|0.0|1|hb0|BPIP235142D6|163|0||||||||BPIP|-9999.0|301|0| | |MATCH| |235|5|0|6.0|142|BPIP235142D6|15|52|205|0|
4|EL90|3.0|10.0|0.0|0.0|124|pb0|BPIP235142D61.5D|163|0||||||||BPIP|-9999.0|301|0| | |MATCH| |235|5|0|6.0|142|BPIP235142D61.5D|15|52|205|0|
4|EL90|2.0|2.0|0.0|0.0|127|pb0|BPIP235142D63D|163|0||||||||BPIP|-9999.0|301|0| | |MATCH| |235|5|0|6.0|142|BPIP235142D63D|15|52|205|0|
4|EL90|3.0|10.0|0.0|0.0|127|pb0|BPIP235142D63D|163|0||||||||BPIP|-9999.0|301|0| | |MATCH| |235|5|0|6.0|142|BPIP235142D63D|15|52|205|0|
4|EL90|2.0|2.0|0.0|0.0|134|pb0|BPIP235142D66D|163|0||||||||BPIP|-9999.0|301|0| | |MATCH| |235|5|0|6.0|142|BPIP235142D66D|15|52|205|0|
4|EL90|3.0|10.0|0.0|0.0|134|pb0|BPIP235142D66D|163|0||||||||BPIP|-9999.0|301|0| | |MATCH| |235|5|0|6.0|142|BPIP235142D66D|15|52|205|0|
4|TEE|2.0|2.0|0.0|0.0|1|t0|TEE39264D|237|0||||||||TEE|-9999.0|301|0| | |MATCH| |39|5|0|0.0|264|TEE39264D|15|52|0|0|
4|TEE|3.0|10.0|0.0|0.0|1|t0|TEE39264D|237|0||||||||TEE|-9999.0|301|0| | |MATCH| |39|5|0|0.0|264|TEE39264D|15|52|0|0|
4|WOLET|3.0|10.0|2.0|2.0|1|olet0|WOL1575150D|288|0||||||||WOL|-9999.0|301|301| | |MATCH|MATCH|1575|5|5|0.0|150|WOL1575150D|15|52|0|0|
0|EXJOIN|1.5|8.0|0.0|0.0|1|exjoin|EXPJOINT5150F150A3|540|0||||||||EXJNTF|0.0|21|0|150#||NREQD||5150|5|0|0.0|252|EXPJOINT5150F150A3|7|52|0|0|
0|RWELD|10.0|20.0|6.0|18.0|1|wld0|BRW6D|297|0||||||||BRW|-9999.0|301|301| | |S-STD|S-STD|6|5|5|0.0|0|BRW6D|0|0|0|0|
