5|300|S-10|18.0|0.25|1|
5|300|S-10|20.0|0.25|1|
5|300|S-10|22.0|0.25|1|
5|300|S-10|24.0|0.25|1|
5|300|S-10|26.0|0.3125|1|
5|300|S-10|28.0|0.3125|1|
5|300|S-10|30.0|0.3125|1|
5|300|S-10|32.0|0.3125|1|
5|300|S-10|34.0|0.3125|1|
5|300|S-10|36.0|0.3125|1|
5|300|S-120|4.0|0.4375|1|
5|300|S-120|5.0|0.5|1|
5|300|S-120|6.0|0.5625|1|
5|300|S-120|8.0|0.71899998|1|
5|300|S-120|10.0|0.84399998|1|
5|300|S-120|12.0|1.0|1|
5|300|S-120|14.0|1.094|1|
5|300|S-120|16.0|1.219|1|
5|300|S-120|18.0|1.375|1|
5|300|S-120|20.0|1.5|1|
5|300|S-120|22.0|1.625|1|
5|300|S-120|24.0|1.8125|1|
5|300|S-140|8.0|0.8125|1|
5|300|S-140|12.0|1.125|1|
5|300|S-140|14.0|1.25|1|
5|300|S-140|16.0|1.4375|1|
5|300|S-140|18.0|1.5625|1|
5|300|S-140|20.0|1.75|1|
5|300|S-140|22.0|1.875|1|
5|300|S-140|24.0|2.0625|1|
5|300|S-160|0.5|0.1875|1|
5|300|S-160|0.75|0.219|1|
5|300|S-160|1.0|0.25|1|
5|300|S-160|1.25|0.25|1|
5|300|S-160|1.5|0.28099999|1|
5|300|S-160|2.0|0.34400001|1|
5|300|S-160|2.5|0.375|1|
5|300|S-160|3.0|0.4375|1|
5|300|S-160|4.0|0.53100002|1|
5|300|S-160|5.0|0.625|1|
5|300|S-160|6.0|0.71899998|1|
5|300|S-160|8.0|0.90600002|1|
5|300|S-160|10.0|1.125|1|
5|300|S-160|12.0|1.3125|1|
5|300|S-160|14.0|1.406|1|
5|300|S-160|16.0|1.594|1|
5|300|S-160|18.0|1.781|1|
5|300|S-160|20.0|1.969|1|
5|300|S-160|22.0|2.125|1|
5|300|S-160|24.0|2.3440001|1|
5|300|S-20|8.0|0.25|1|
5|300|S-20|10.0|0.25|1|
5|300|S-20|12.0|0.25|1|
5|300|S-20|14.0|0.3125|1|
5|300|S-20|16.0|0.3125|1|
5|300|S-20|18.0|0.3125|1|
5|300|S-30|8.0|0.27700001|1|
5|300|S-30|10.0|0.30700001|1|
5|300|S-30|12.0|0.33000001|1|
5|300|S-30|18.0|0.4375|1|
5|300|S-30|24.0|0.5625|1|
5|300|S-30|28.0|0.625|1|
5|300|S-30|30.0|0.625|1|
5|300|S-30|32.0|0.625|1|
5|300|S-30|34.0|0.625|1|
5|300|S-30|36.0|0.625|1|
5|300|S-40S|0.125|0.068000004|1|
5|300|S-40S|0.25|0.088|1|
5|300|S-40S|0.375|0.090999998|1|
5|300|S-40S|0.5|0.109|1|
5|300|S-40S|0.75|0.113|1|
5|300|S-40S|1.0|0.133|1|
5|300|S-40S|1.25|0.14|1|
5|300|S-40S|1.5|0.145|1|
5|300|S-40S|2.0|0.154|1|
5|300|S-40S|2.5|0.20299999|1|
5|300|S-40S|3.0|0.21600001|1|
5|300|S-40S|3.5|0.226|1|
5|300|S-40S|4.0|0.237|1|
5|300|S-40S|5.0|0.25799999|1|
5|300|S-40S|6.0|0.28|1|
5|300|S-40S|8.0|0.322|1|
5|300|S-40S|10.0|0.36500001|1|
5|300|S-40S|12.0|0.375|1|
5|300|S-40|12.0|0.40599999|1|
5|300|S-40|14.0|0.4375|1|
5|300|S-40|18.0|0.5625|1|
5|300|S-40|20.0|0.59399998|1|
5|300|S-40|24.0|0.6875|1|
5|300|S-40|32.0|0.6875|1|
5|300|S-40|34.0|0.6875|1|
5|300|S-40|36.0|0.75|1|
5|300|S-5S|0.5|0.064999998|1|
5|300|S-5S|0.75|0.064999998|1|
5|300|S-5S|1.0|0.064999998|1|
5|300|S-5S|1.25|0.064999998|1|
5|300|S-5S|1.5|0.064999998|1|
5|300|S-5S|2.0|0.064999998|1|
5|300|S-5S|2.5|0.082999997|1|
5|300|S-5S|3.0|0.082999997|1|
5|300|S-5S|3.5|0.082999997|1|
5|300|S-5S|4.0|0.082999997|1|
5|300|S-5S|5.0|0.109|1|
5|300|S-5S|6.0|0.109|1|
5|300|S-5S.109|8.0|0.109|1|
5|300|S-5S|10.0|0.134|1|
5|300|S-5S|12.0|0.156|1|
5|300|S-5S|14.0|0.156|1|
5|300|S-5S|16.0|0.16500001|1|
5|300|S-5S|18.0|0.16500001|1|
5|300|S-5S|20.0|0.1875|1|
5|300|S-5S|22.0|0.1875|1|
5|300|S-5S|24.0|0.21799999|1|
5|300|S-5S|30.0|0.25|1|
5|300|S-60|8.0|0.40599999|1|
5|300|S-60|12.0|0.5625|1|
5|300|S-60|14.0|0.59399998|1|
5|300|S-60|16.0|0.65600002|1|
5|300|S-60|18.0|0.75|1|
5|300|S-60|20.0|0.8125|1|
5|300|S-60|22.0|0.875|1|
5|300|S-60|24.0|0.96899998|1|
5|300|S-80S|0.125|0.094999999|1|
5|300|S-80S|0.25|0.119|1|
5|300|S-80S|0.375|0.126|1|
5|300|S-80S|0.5|0.147|1|
5|300|S-80S|0.75|0.154|1|
5|300|S-80S|1.0|0.17900001|1|
5|300|S-80S|1.25|0.191|1|
5|300|S-80S|1.5|0.2|1|
5|300|S-80S|2.0|0.21799999|1|
5|300|S-80S|2.5|0.27599999|1|
5|300|S-80S|3.0|0.30000001|1|
5|300|S-80S|3.5|0.31799999|1|
5|300|S-100|8.0|0.59399998|1|
5|300|S-100|10.0|0.71899998|1|
5|300|S-100|12.0|0.84399998|1|
5|300|S-100|14.0|0.9375|1|
5|300|S-100|16.0|1.031|1|
5|300|S-100|18.0|1.156|1|
5|300|S-100|20.0|1.281|1|
5|300|S-100|22.0|1.375|1|
5|300|S-100|24.0|1.531|1|
5|300|S-10S|0.125|0.048999999|1|
5|300|S-10S|0.25|0.064999998|1|
5|300|S-10S|0.375|0.064999998|1|
5|300|S-10S|0.5|0.082999997|1|
5|300|S-10S|0.75|0.082999997|1|
5|300|S-10S|1.0|0.109|1|
5|300|S-10S|1.25|0.109|1|
5|300|S-10S|1.5|0.109|1|
5|300|S-10S|2.0|0.109|1|
5|300|S-10S|2.5|0.12|1|
5|300|S-10S|3.0|0.12|1|
5|300|S-10S|3.5|0.12|1|
5|300|S-10S|4.0|0.12|1|
5|300|S-10S|5.0|0.134|1|
5|300|S-10S|6.0|0.134|1|
5|300|S-10S|8.0|0.148|1|
5|300|S-10S|10.0|0.16500001|1|
5|300|S-10S|12.0|0.18000001|1|
5|300|S-10S|14.0|0.1875|1|
5|300|S-10S|16.0|0.1875|1|
5|300|S-10S|18.0|0.1875|1|
5|300|S-10S|20.0|0.21799999|1|
5|300|S-10S|22.0|0.21799999|1|
5|300|S-10S|24.0|0.25|1|
5|300|S-10|14.0|0.25|1|
5|300|S-10|16.0|0.25|1|
5|300|S-80S|4.0|0.33700001|1|
5|300|S-80S|5.0|0.375|1|
5|300|S-80S|6.0|0.43200001|1|
5|300|S-80S|8.0|0.5|1|
5|300|S-80S|10.0|0.5|1|
5|300|S-80S|12.0|0.5|1|
5|300|S-80|10.0|0.59399998|1|
5|300|S-80|12.0|0.6875|1|
5|300|S-80|14.0|0.75|1|
5|300|S-80|16.0|0.84399998|1|
5|300|S-80|18.0|0.9375|1|
5|300|S-80|20.0|1.031|1|
5|300|S-80|22.0|1.125|1|
5|300|S-80|24.0|1.219|1|
5|300|S-STD|0.125|0.068000004|1|
5|300|S-STD|0.25|0.088|1|
5|300|S-STD|0.375|0.090999998|1|
5|300|S-STD|0.5|0.109|1|
5|300|S-STD|0.75|0.113|1|
5|300|S-STD|1.0|0.133|1|
5|300|S-STD|1.25|0.14|1|
5|300|S-STD|1.5|0.145|1|
5|300|S-STD|2.0|0.154|1|
5|300|S-STD|2.5|0.20299999|1|
5|300|S-STD|3.0|0.21600001|1|
5|300|S-STD|3.5|0.226|1|
5|300|S-STD|4.0|0.237|1|
5|300|S-STD|5.0|0.25799999|1|
5|300|S-STD|6.0|0.28|1|
5|300|S-STD|8.0|0.322|1|
5|300|S-STD|10.0|0.36500001|1|
5|300|S-STD|12.0|0.375|1|
5|300|S-STD|14.0|0.375|1|
5|300|S-STD|16.0|0.375|1|
5|300|S-STD|18.0|0.375|1|
5|300|S-STD|20.0|0.375|1|
5|300|S-STD|22.0|0.375|1|
5|300|S-STD|24.0|0.375|1|
5|300|S-STD|26.0|0.375|1|
5|300|S-STD|28.0|0.375|1|
5|300|S-STD|30.0|0.375|1|
5|300|S-STD|32.0|0.375|1|
5|300|S-STD|34.0|0.375|1|
5|300|S-STD|36.0|0.375|1|
5|300|S-STD|38.0|0.375|1|
5|300|S-STD|40.0|0.375|1|
5|300|S-STD|42.0|0.375|1|
5|300|S-STD|44.0|0.375|1|
5|300|S-STD|46.0|0.375|1|
5|300|S-STD|48.0|0.375|1|
5|300|S-XS|0.125|0.094999999|1|
5|300|S-XS|0.25|0.119|1|
5|300|S-XS|0.375|0.126|1|
5|300|S-XS|0.5|0.147|1|
5|300|S-XS|0.75|0.154|1|
5|300|S-XS|1.0|0.17900001|1|
5|300|S-XS|1.25|0.191|1|
5|300|S-XS|1.5|0.2|1|
5|300|S-XS|2.0|0.21799999|1|
5|300|S-XS|2.5|0.27599999|1|
5|300|S-XS|3.0|0.30000001|1|
5|300|S-XS|3.5|0.31799999|1|
5|300|S-XS|4.0|0.33700001|1|
5|300|S-XS|5.0|0.375|1|
5|300|S-XS|6.0|0.43200001|1|
5|300|S-XS|8.0|0.5|1|
5|300|S-XS|10.0|0.5|1|
5|300|S-XS|12.0|0.5|1|
5|300|S-XS|14.0|0.5|1|
5|300|S-XS|16.0|0.5|1|
5|300|S-XS|18.0|0.5|1|
5|300|S-XS|20.0|0.5|1|
5|300|S-XS|22.0|0.5|1|
5|300|S-XS|24.0|0.5|1|
5|300|S-XS|26.0|0.5|1|
5|300|S-XS|28.0|0.5|1|
5|300|S-XS|30.0|0.5|1|
5|300|S-XS|32.0|0.5|1|
5|300|S-XS|34.0|0.5|1|
5|300|S-XS|36.0|0.5|1|
5|300|S-XS|38.0|0.5|1|
5|300|S-XS|40.0|0.5|1|
5|300|S-XS|42.0|0.5|1|
5|300|S-XS|44.0|0.5|1|
5|300|S-XS|46.0|0.5|1|
5|300|S-XS|48.0|0.5|1|
5|300|S-XXS|0.5|0.294|1|
5|300|S-XXS‚|0.75|0.30|1|
5|300|S-XXS|1.0|0.35800001|1|
5|300|S-XXS|1.25|0.382|1|
5|300|S-XXS|1.5|0.40000001|1|
5|300|S-XXS|2.0|0.43599999|1|
5|300|S-XXS|2.5|0.55199999|1|
5|300|S-XXS|3.0|0.60000002|1|
5|300|S-XXS|4.0|0.67400002|1|
5|300|S-XXS|5.0|0.75|1|
5|300|S-XXS|6.0|0.86400002|1|
5|300|S-XXS|8.0|0.875|1|
5|300|S-XXS|10.0|1.0|1|
5|300|S-XXS|12.0|1.0|1|
5|300|S-10|450.00|6.00|20.00|
5|300|S-10|500.00|6.00|20.00|
5|300|S-10|550.00|6.00|20.00|
5|300|S-10|600.00|6.00|20.00|
5|300|S-10|650.00|7.94|20.00|
5|300|S-10|700.00|7.94|20.00|
5|300|S-10|750.00|7.94|20.00|
5|300|S-10|800.00|7.94|20.00|
5|300|S-10|850.00|7.94|20.00|
5|300|S-10|900.00|7.94|20.00|
5|300|S-120|100.00|11.11|20.00|
5|300|S-120|125.00|15.00|20.00|
5|300|S-120|150.00|14.29|20.00|
5|300|S-120|200.00|18.26|20.00|
5|300|S-120|250.00|21.44|20.00|
5|300|S-120|300.00|25.00|20.00|
5|300|S-120|350.00|27.79|20.00|
5|300|S-120|400.00|30.96|20.00|
5|300|S-120|450.00|34.92|20.00|
5|300|S-120|500.00|40.00|20.00|
5|300|S-120|550.00|41.27|20.00|
5|300|S-120|600.00|46.04|20.00|
5|300|S-140|200.00|20.64|20.00|
5|300|S-140|300.00|28.57|20.00|
5|300|S-140|350.00|32.00|20.00|
5|300|S-140|400.00|36.51|20.00|
5|300|S-140|450.00|39.69|20.00|
5|300|S-140|500.00|44.45|20.00|
5|300|S-140|550.00|47.63|20.00|
5|300|S-140|600.00|52.39|20.00|
5|300|S-160|15.00|4.76|20.00|
5|300|S-160|20.00|5.56|20.00|
5|300|S-160|25.00|6.00|20.00|
5|300|S-160|32.00|6.00|20.00|
5|300|S-160|40.00|7.14|20.00|
5|300|S-160|50.00|8.74|20.00|
5|300|S-160|65.00|10.00|20.00|
5|300|S-160|80.00|11.11|20.00|
5|300|S-160|100.00|13.49|20.00|
5|300|S-160|125.00|15.88|20.00|
5|300|S-160|150.00|18.26|20.00|
5|300|S-160|200.00|23.01|20.00|
5|300|S-160|250.00|28.57|20.00|
5|300|S-160|300.00|33.34|20.00|
5|300|S-160|350.00|35.71|20.00|
5|300|S-160|400.00|40.49|20.00|
5|300|S-160|450.00|45.24|20.00|
5|300|S-160|500.00|50.01|20.00|
5|300|S-160|550.00|53.97|20.00|
5|300|S-160|600.00|59.54|20.00|
5|300|S-20|200.00|6.00|20.00|
5|300|S-20|250.00|6.00|20.00|
5|300|S-20|300.00|6.00|20.00|
5|300|S-20|350.00|7.94|20.00|
5|300|S-20|400.00|7.94|20.00|
5|300|S-20|450.00|7.94|20.00|
5|300|S-30|200.00|7.04|20.00|
5|300|S-30|250.00|7.80|20.00|
5|300|S-30|300.00|8.38|20.00|
5|300|S-30|450.00|11.11|20.00|
5|300|S-30|600.00|14.29|20.00|
5|300|S-30|700.00|15.88|20.00|
5|300|S-30|750.00|15.88|20.00|
5|300|S-30|800.00|15.88|20.00|
5|300|S-30|850.00|15.88|20.00|
5|300|S-30|900.00|15.88|20.00|
5|300|S-40S|3.00|1.73|20.00|
5|300|S-40S|6.00|2.24|20.00|
5|300|S-40S|10.00|2.31|20.00|
5|300|S-40S|15.00|2.77|20.00|
5|300|S-40S|20.00|2.87|20.00|
5|300|S-40S|25.00|3.38|20.00|
5|300|S-40S|32.00|3.56|20.00|
5|300|S-40S|40.00|3.68|20.00|
5|300|S-40S|50.00|3.91|20.00|
5|300|S-40S|65.00|5.16|20.00|
5|300|S-40S|80.00|5.49|20.00|
5|300|S-40S|90.00|5.74|20.00|
5|300|S-40S|100.00|6.02|20.00|
5|300|S-40S|125.00|6.55|20.00|
5|300|S-40S|150.00|7.11|20.00|
5|300|S-40S|200.00|8.18|20.00|
5|300|S-40S|250.00|9.27|20.00|
5|300|S-40S|300.00|10.00|20.00|
5|300|S-40|300.00|10.31|20.00|
5|300|S-40|350.00|11.11|20.00|
5|300|S-40|450.00|14.29|20.00|
5|300|S-40|500.00|15.09|20.00|
5|300|S-40|600.00|17.46|20.00|
5|300|S-40|800.00|17.46|20.00|
5|300|S-40|850.00|17.46|20.00|
5|300|S-40|900.00|20.00|20.00|
5|300|S-5S|15.00|1.65|20.00|
5|300|S-5S|20.00|1.65|20.00|
5|300|S-5S|25.00|1.65|20.00|
5|300|S-5S|32.00|1.65|20.00|
5|300|S-5S|40.00|1.65|20.00|
5|300|S-5S|50.00|1.65|20.00|
5|300|S-5S|65.00|2.11|20.00|
5|300|S-5S|80.00|2.11|20.00|
5|300|S-5S|90.00|2.11|20.00|
5|300|S-5S|100.00|2.11|20.00|
5|300|S-5S|125.00|2.77|20.00|
5|300|S-5S|150.00|2.77|20.00|
5|300|S-5S|200.00|2.77|20.00|
5|300|S-5S|250.00|3.40|20.00|
5|300|S-5S|300.00|3.96|20.00|
5|300|S-5S|350.00|3.96|20.00|
5|300|S-5S|400.00|4.19|20.00|
5|300|S-5S|450.00|4.19|20.00|
5|300|S-5S|500.00|4.76|20.00|
5|300|S-5S|550.00|4.76|20.00|
5|300|S-5S|600.00|5.54|20.00|
5|300|S-5S|750.00|6.00|20.00|
5|300|S-60|200.00|10.31|20.00|
5|300|S-60|300.00|14.29|20.00|
5|300|S-60|350.00|15.09|20.00|
5|300|S-60|400.00|16.66|20.00|
5|300|S-60|450.00|20.00|20.00|
5|300|S-60|500.00|20.64|20.00|
5|300|S-60|550.00|22.22|20.00|
5|300|S-60|600.00|24.61|20.00|
5|300|S-80S|3.00|2.41|20.00|
5|300|S-80S|6.00|3.02|20.00|
5|300|S-80S|10.00|3.20|20.00|
5|300|S-80S|15.00|3.73|20.00|
5|300|S-80S|20.00|3.91|20.00|
5|300|S-80S|25.00|4.55|20.00|
5|300|S-80S|32.00|4.85|20.00|
5|300|S-80S|40.00|5.08|20.00|
5|300|S-80S|50.00|5.54|20.00|
5|300|S-80S|65.00|7.01|20.00|
5|300|S-80S|80.00|7.62|20.00|
5|300|S-80S|90.00|8.08|20.00|
5|300|S-100|200.00|15.09|20.00|
5|300|S-100|250.00|18.26|20.00|
5|300|S-100|300.00|21.44|20.00|
5|300|S-100|350.00|23.81|20.00|
5|300|S-100|400.00|26.19|20.00|
5|300|S-100|450.00|29.36|20.00|
5|300|S-100|500.00|32.54|20.00|
5|300|S-100|550.00|34.92|20.00|
5|300|S-100|600.00|38.89|20.00|
5|300|S-10S|3.00|1.24|20.00|
5|300|S-10S|6.00|1.65|20.00|
5|300|S-10S|10.00|1.65|20.00|
5|300|S-10S|15.00|2.11|20.00|
5|300|S-10S|20.00|2.11|20.00|
5|300|S-10S|25.00|2.77|20.00|
5|300|S-10S|32.00|2.77|20.00|
5|300|S-10S|40.00|2.77|20.00|
5|300|S-10S|50.00|2.77|20.00|
5|300|S-10S|65.00|3.05|20.00|
5|300|S-10S|80.00|3.05|20.00|
5|300|S-10S|90.00|3.05|20.00|
5|300|S-10S|100.00|3.05|20.00|
5|300|S-10S|125.00|3.40|20.00|
5|300|S-10S|150.00|3.40|20.00|
5|300|S-10S|200.00|3.76|20.00|
5|300|S-10S|250.00|4.19|20.00|
5|300|S-10S|300.00|4.57|20.00|
5|300|S-10S|350.00|4.76|20.00|
5|300|S-10S|400.00|4.76|20.00|
5|300|S-10S|450.00|4.76|20.00|
5|300|S-10S|500.00|5.54|20.00|
5|300|S-10S|550.00|5.54|20.00|
5|300|S-10S|600.00|6.00|20.00|
5|300|S-10|350.00|6.00|20.00|
5|300|S-10|400.00|6.00|20.00|
5|300|S-80S|100.00|8.56|20.00|
5|300|S-80S|125.00|10.00|20.00|
5|300|S-80S|150.00|10.97|20.00|
5|300|S-80S|200.00|15.00|20.00|
5|300|S-80S|250.00|15.00|20.00|
5|300|S-80S|300.00|15.00|20.00|
5|300|S-80|250.00|15.09|20.00|
5|300|S-80|300.00|17.46|20.00|
5|300|S-80|350.00|20.00|20.00|
5|300|S-80|400.00|21.44|20.00|
5|300|S-80|450.00|23.81|20.00|
5|300|S-80|500.00|26.19|20.00|
5|300|S-80|550.00|28.57|20.00|
5|300|S-80|600.00|30.96|20.00|
5|300|S-STD|3.00|1.73|20.00|
5|300|S-STD|6.00|2.24|20.00|
5|300|S-STD|10.00|2.31|20.00|
5|300|S-STD|15.00|2.77|20.00|
5|300|S-STD|20.00|2.87|20.00|
5|300|S-STD|25.00|3.38|20.00|
5|300|S-STD|32.00|3.56|20.00|
5|300|S-STD|40.00|3.68|20.00|
5|300|S-STD|50.00|3.91|20.00|
5|300|S-STD|65.00|5.16|20.00|
5|300|S-STD|80.00|5.49|20.00|
5|300|S-STD|90.00|5.74|20.00|
5|300|S-STD|100.00|6.02|20.00|
5|300|S-STD|125.00|6.55|20.00|
5|300|S-STD|150.00|7.11|20.00|
5|300|S-STD|200.00|8.18|20.00|
5|300|S-STD|250.00|9.27|20.00|
5|300|S-STD|300.00|10.00|20.00|
5|300|S-STD|350.00|10.00|20.00|
5|300|S-STD|400.00|10.00|20.00|
5|300|S-STD|450.00|10.00|20.00|
5|300|S-STD|500.00|10.00|20.00|
5|300|S-STD|550.00|10.00|20.00|
5|300|S-STD|600.00|10.00|20.00|
5|300|S-STD|650.00|10.00|20.00|
5|300|S-STD|700.00|10.00|20.00|
5|300|S-STD|750.00|10.00|20.00|
5|300|S-STD|800.00|10.00|20.00|
5|300|S-STD|850.00|10.00|20.00|
5|300|S-STD|900.00|10.00|20.00|
5|300|S-STD|950.00|10.00|20.00|
5|300|S-STD|1000.00|10.00|20.00|
5|300|S-STD|1050.00|10.00|20.00|
5|300|S-STD|1100.00|10.00|20.00|
5|300|S-STD|1150.00|10.00|20.00|
5|300|S-STD|1200.00|10.00|20.00|
5|300|S-XS|3.00|2.41|20.00|
5|300|S-XS|6.00|3.02|20.00|
5|300|S-XS|10.00|3.20|20.00|
5|300|S-XS|15.00|3.73|20.00|
5|300|S-XS|20.00|3.91|20.00|
5|300|S-XS|25.00|4.55|20.00|
5|300|S-XS|32.00|4.85|20.00|
5|300|S-XS|40.00|5.08|20.00|
5|300|S-XS|50.00|5.54|20.00|
5|300|S-XS|65.00|7.01|20.00|
5|300|S-XS|80.00|7.62|20.00|
5|300|S-XS|90.00|8.08|20.00|
5|300|S-XS|100.00|8.56|20.00|
5|300|S-XS|125.00|10.00|20.00|
5|300|S-XS|150.00|10.97|20.00|
5|300|S-XS|200.00|15.00|20.00|
5|300|S-XS|250.00|15.00|20.00|
5|300|S-XS|300.00|15.00|20.00|
5|300|S-XS|350.00|15.00|20.00|
5|300|S-XS|400.00|15.00|20.00|
5|300|S-XS|450.00|15.00|20.00|
5|300|S-XS|500.00|15.00|20.00|
5|300|S-XS|550.00|15.00|20.00|
5|300|S-XS|600.00|15.00|20.00|
5|300|S-XS|650.00|15.00|20.00|
5|300|S-XS|700.00|15.00|20.00|
5|300|S-XS|750.00|15.00|20.00|
5|300|S-XS|800.00|15.00|20.00|
5|300|S-XS|850.00|15.00|20.00|
5|300|S-XS|900.00|15.00|20.00|
5|300|S-XS|950.00|15.00|20.00|
5|300|S-XS|1000.00|15.00|20.00|
5|300|S-XS|1050.00|15.00|20.00|
5|300|S-XS|1100.00|15.00|20.00|
5|300|S-XS|1150.00|15.00|20.00|
5|300|S-XS|1200.00|15.00|20.00|
5|300|S-XXS|15.00|7.47|20.00|
5|300|S-XXS‚|20.00|7.62|20.00|
5|300|S-XXS|25.00|9.09|20.00|
5|300|S-XXS|32.00|9.70|20.00|
5|300|S-XXS|40.00|10.16|20.00|
5|300|S-XXS|50.00|11.07|20.00|
5|300|S-XXS|65.00|14.02|20.00|
5|300|S-XXS|80.00|15.24|20.00|
5|300|S-XXS|100.00|17.12|20.00|
5|300|S-XXS|125.00|20.00|20.00|
5|300|S-XXS|150.00|21.95|20.00|
5|300|S-XXS|200.00|22.22|20.00|
5|300|S-XXS|250.00|25.00|20.00|
5|300|S-XXS|300.00|25.00|20.00|
