0|TRAY|6.0|2.0|0.0|0.0|0|rduct| |||TRAY| |10.0|N|0.0|0.0|0.0|
0|TRAY|8.0|2.0|0.0|0.0|0|rduct| |||TRAY| |10.0|N|0.0|0.0|0.0|
0|TRAY|9.0|2.0|0.0|0.0|0|rduct| |||TRAY| |10.0|N|0.0|0.0|0.0|
0|TRAY|10.0|2.0|0.0|0.0|0|rduct| |||TRAY| |11.0|N|0.0|0.0|0.0|
0|TRAY|12.0|2.0|0.0|0.0|0|rduct| |||TRAY| |12.0|N|0.0|0.0|0.0|
0|TRAY|14.0|2.0|0.0|0.0|0|rduct| |||TRAY| |13.0|N|0.0|0.0|0.0|
0|TRAY|18.0|2.0|0.0|0.0|0|rduct| |||TRAY| |9.0|N|0.0|0.0|0.0|
0|EL90H|6.0|2.0|0.0|0.0|0|rr90d| |||90EH| |9.0|N|9.0|0.0|0.0|
0|EL90H|8.0|2.0|0.0|0.0|0|rr90d| |||90EH| |10.0|N|12.0|0.0|0.0|
0|EL90H|9.0|2.0|0.0|0.0|0|rr90d| |||90EH| |11.0|N|15.0|0.0|0.0|
0|EL90H|10.0|2.0|0.0|0.0|0|rr90d| |||90EH| |11.0|N|15.0|0.0|0.0|
0|EL90H|12.0|2.0|0.0|0.0|0|rr90d| |||90EH| |12.0|N|18.0|0.0|0.0|
0|EL90H|14.0|2.0|0.0|0.0|0|rr90d| |||90EH| |13.0|N|21.0|0.0|0.0|
0|EL90H|18.0|2.0|0.0|0.0|0|rr90d| |||90EH| |11.0|N|15.0|0.0|0.0|
0|EL90VU|6.0|2.0|0.0|0.0|0|rr90d| |||90EVU| |9.0|N|9.0|0.0|0.0|
0|EL90VU|8.0|2.0|0.0|0.0|0|rr90d| |||90EVU| |10.0|N|12.0|0.0|0.0|
0|EL90VU|9.0|2.0|0.0|0.0|0|rr90d| |||90EVU| |10.0|N|12.0|0.0|0.0|
0|EL90VU|10.0|2.0|0.0|0.0|0|rr90d| |||90EVU| |11.0|N|15.0|0.0|0.0|
0|EL90VU|12.0|2.0|0.0|0.0|0|rr90d| |||90EVU| |12.0|N|18.0|0.0|0.0|
0|EL90VU|14.0|2.0|0.0|0.0|0|rr90d| |||90EVU| |13.0|N|21.0|0.0|0.0|
0|EL90VU|18.0|2.0|0.0|0.0|0|rr90d| |||90EVU| |10.0|N|12.0|0.0|0.0|
0|EL90VD|6.0|2.0|0.0|0.0|0|rr90d| |||90EVD| |9.0|N|9.0|0.0|0.0|
0|EL90VD|8.0|2.0|0.0|0.0|0|rr90d| |||90EVD| |10.0|N|12.0|0.0|0.0|
0|EL90VD|9.0|2.0|0.0|0.0|0|rr90d| |||90EVD| |10.0|N|12.0|0.0|0.0|
0|EL90VD|10.0|2.0|0.0|0.0|0|rr90d| |||90EVD| |11.0|N|15.0|0.0|0.0|
0|EL90VD|12.0|2.0|0.0|0.0|0|rr90d| |||90EVD| |12.0|N|18.0|0.0|0.0|
0|EL90VD|14.0|2.0|0.0|0.0|0|rr90d| |||90EVD| |13.0|N|21.0|0.0|0.0|
0|EL90VD|18.0|2.0|0.0|0.0|0|rr90d| |||90EVD| |10.0|N|12.0|0.0|0.0|
0|EL45H|6.0|2.0|0.0|0.0|0|re45d| |||E45H| |7.0|N|9.0|0.0|0.0|
0|EL45H|8.0|2.0|0.0|0.0|0|re45d| |||E45H| |10.0|N|10.0|0.0|0.0|
0|EL45H|9.0|2.0|0.0|0.0|0|re45d| |||E45H| |10.0|N|10.0|0.0|0.0|
0|EL45H|10.0|2.0|0.0|0.0|0|re45d| |||E45H| |12.5|N|11.0|0.0|0.0|
0|EL45H|12.0|2.0|0.0|0.0|0|re45d| |||E45H| |15.0|N|12.0|0.0|0.0|
0|EL45H|14.0|2.0|0.0|0.0|0|re45d| |||E45H| |17.75|N|13.0|0.0|0.0|
0|EL45VU|10.0|2.0|0.0|0.0|0|re45d| |||E45VU| |12.5|N|11.0|0.0|0.0|
0|EL45VU|12.0|2.0|0.0|0.0|0|re45d| |||E45VU| |15.0|N|12.0|0.0|0.0|
0|EL45VU|14.0|2.0|0.0|0.0|0|re45d| |||E45VU| |17.75|N|13.0|0.0|0.0|
0|EL45VU|18.0|2.0|0.0|0.0|0|re45d| |||E45VU| |10.0|N|10.0|0.0|0.0|
0|EL45VD|6.0|2.0|0.0|0.0|0|re45d| |||E45VD| |7.0|N|9.0|0.0|0.0|
0|EL45VD|8.0|2.0|0.0|0.0|0|re45d| |||E45VD| |10.0|N|10.0|0.0|0.0|
0|EL45VD|9.0|2.0|0.0|0.0|0|re45d| |||E45VD| |10.0|N|10.0|0.0|0.0|
0|EL45VD|10.0|2.0|0.0|0.0|0|re45d| |||E45VD| |12.5|N|11.0|0.0|0.0|
0|EL45VD|12.0|2.0|0.0|0.0|0|re45d| |||E45VD| |15.0|N|12.0|0.0|0.0|
0|EL45VD|14.0|2.0|0.0|0.0|0|re45d| |||E45VD| |17.75|N|13.0|0.0|0.0|
0|EL45VD|18.0|2.0|0.0|0.0|0|re45d| |||E45VD| |10.0|N|10.0|0.0|0.0|
0|TEE|6.0|2.0|0.0|0.0|0|rrtee| |||TEEH| |12.0|N|6.0|6.0|6.0|
0|TEE|8.0|2.0|0.0|0.0|0|rrtee| |||TEEH| |16.0|N|8.0|8.0|8.0|
0|TEE|9.0|2.0|0.0|0.0|0|rrtee| |||TEEH| |16.0|N|8.0|8.0|8.0|
0|TEE|10.0|2.0|0.0|0.0|0|rrtee| |||TEEH| |22.0|N|10.0|10.0|10.0|
0|TEE|12.0|2.0|0.0|0.0|0|rrtee| |||TEEH| |28.0|N|12.0|12.0|12.0|
0|TEE|14.0|2.0|0.0|0.0|0|rrtee| |||TEEH| |34.0|N|14.0|14.0|14.0|
0|TEE|18.0|2.0|0.0|0.0|0|rrtee| |||TEEH| |16.0|N|8.0|8.0|8.0|
0|CONRED|8.0|2.0|6.0|2.0|0|rcred| |||REDC| |10.0|N|8.0|0.0|0.0|
0|CONRED|10.0|2.0|8.0|2.0|0|rcred| |||REDC| |12.0|N|10.0|0.0|0.0|
0|CONRED|12.0|2.0|10.0|2.0|0|rcred| |||REDC| |14.0|N|12.0|0.0|0.0|
0|CONRED|14.0|2.0|12.0|2.0|0|rcred| |||REDC| |16.0|N|14.0|0.0|0.0|
0|CONRED|18.0|2.0|9.0|2.0|0|rcred| |||REDC| |16.0|N|14.0|0.0|0.0|
0|EL45H|18.0|2.0|0.0|0.0|0|re45d| |||E45H| |17.75|N|13.0|0.0|0.0|
0|EL45VU|6.0|2.0|0.0|0.0|0|re45d| |||E45VU| |7.0|N|9.0|0.0|0.0|
0|EL45VU|8.0|2.0|0.0|0.0|0|re45d| |||E45VU| |10.0|N|10.0|0.0|0.0|
0|EL45VU|9.0|2.0|0.0|0.0|0|re45d| |||E45VU| |10.0|N|10.0|0.0|0.0|
0|OFFSET|6.0|2.0|0.0|0.0|0|rowog| |||OFF| |10.0|N|0.0|0.0|0.0|
0|OFFSET|8.0|2.0|0.0|0.0|0|rowog| |||OFF| |10.0|N|0.0|0.0|0.0|
0|OFFSET|9.0|2.0|0.0|0.0|0|rowog| |||OFF| |10.0|N|0.0|0.0|0.0|
0|OFFSET|10.0|2.0|0.0|0.0|0|rowog| |||OFF| |11.0|N|0.0|0.0|0.0|
0|OFFSET|12.0|2.0|0.0|0.0|0|rowog| |||OFF| |12.0|N|0.0|0.0|0.0|
0|OFFSET|14.0|2.0|0.0|0.0|0|rowog| |||OFF| |13.0|N|0.0|0.0|0.0|
0|OFFSET|18.0|2.0|0.0|0.0|0|rowog| |||OFF| |9.0|N|0.0|0.0|0.0|
