npd_g|1|1|0.0|
npd_r|1|1|0.0|
max_temp|1|1001|1.0|
thk|1|1|.0625|
corr_allow|1|1|.0625|
gask_sep|1|1|.0625|
d1|1|1|.25|
d2|1|1|.25|
d3|1|1|.25|
fc1|1|1|.25|
fc2|1|1|.25|
fc3|1|1|.25|
t1|1|1|.25|
t2|1|1|.25|
t3|1|1|.25|
b1|1|1|.25|
b2|1|1|.25|
b3|1|1|.25|
f1|1|1|.25|
f2|1|1|.25|
f3|1|1|.25|
pod1|1|1|.125|
pod2|1|1|.125|
dim_1|1|1|.25|
dim_2|1|1|.25|
d2|1|1|.25|
dim10|1|1|.25|
ff|1|1|.25|
dg|1|1|.25|
dim1|1|1|.25|
dim2|1|1|.25|
dim3|1|1|.25|
dstem|1|1|.25|
br|1|1|.25|
cog_x|1|1|.125|
cog_y|1|1|.125|
cog_z|1|1|.125|
opcog_x|1|1|.125|
opcog_y|1|1|.125|
opcog_z|1|1|.125|
bend_ang|1|701|.001|
dry_wt|1|801|1.0|
dry_uwt|1|851|.1|
wet_wt|1|801|1.0|
wet_uwt|1|851|.1|
oper_wt|1|801|1.0|
surf_area|1|502|.1|
v_area|1|502|.1|
v_volume|1|602|.1|
thickness|1|1|.0625|
density|1|901|.01|
insul_dens|1|901|.01|
length|1|1|.25|
v_length|1|2|.25|
npd_g|10|1|0.0|
npd_r|10|1|0.0|
max_temp|10|1011|1.0|
thk|10|11|1.0|
corr_allow|10|11|1.0|
gask_sep|10|11|1.0|
d1|10|11|5.0|
d2|10|11|5.0|
d3|10|11|5.0|
fc1|10|11|5.0|
fc2|10|11|5.0|
fc3|10|11|5.0|
t1|10|11|5.0|
t2|10|11|5.0|
t3|10|11|5.0|
b1|10|11|5.0|
b2|10|11|5.0|
b3|10|11|5.0|
f1|10|11|5.0|
f2|10|11|5.0|
f3|10|11|5.0|
pod1|10|11|1.0|
pod2|10|11|1.0|
dim_1|10|11|5.0|
dim_2|10|11|5.0|
d2|10|11|5.0|
dim10|10|11|5.0|
ff|10|11|5.0|
dg|10|11|5.0|
dim1|10|11|5.0|
dim2|10|11|5.0|
dim3|10|11|5.0|
dstem|10|11|1.0|
br|10|11|1.0|
cog_x|10|11|1.0|
cog_y|10|11|1.0|
cog_z|10|11|1.0|
opcog_x|10|11|1.0|
opcog_y|10|11|1.0|
opcog_z|10|11|1.0|
bend_ang|10|701|.001|
dry_wt|10|811|1.0|
dry_uwt|10|861|0.1|
wet_wt|10|811|1.0|
wet_uwt|10|861|0.1|
oper_wt|10|811|1.0|
surf_area|10|513|.1|
v_area|10|513|.1|
v_volume|10|613|.1|
thickness|10|11|1.0|
density|10|911|.1|
insul_dens|10|911|.1|
length|10|11|5.0|
v_length|10|12|5.0|
npd_g|20|11|0.0|
npd_r|20|11|0.0|
max_temp|20|1011|1.0|
thk|20|11|1.0|
corr_allow|20|11|1.0|
gask_sep|20|11|1.0|
d1|20|11|5.0|
d2|20|11|5.0|
d3|20|11|5.0|
fc1|20|11|5.0|
fc2|20|11|5.0|
fc3|20|11|5.0|
t1|20|11|5.0|
t2|20|11|5.0|
t3|20|11|5.0|
b1|20|11|5.0|
b2|20|11|5.0|
b3|20|11|5.0|
f1|20|11|5.0|
f2|20|11|5.0|
f3|20|11|5.0|
pod1|20|11|1.0|
pod2|20|11|1.0|
dim_1|20|11|5.0|
dim_2|20|11|5.0|
d2|20|11|5.0|
dim10|20|11|5.0|
ff|20|11|5.0|
dg|20|11|5.0|
dim1|20|11|5.0|
dim2|20|11|5.0|
dim3|20|11|5.0|
dstem|20|11|1.0|
br|20|11|1.0|
cog_x|20|11|1.0|
cog_y|20|11|1.0|
cog_z|20|11|1.0|
opcog_x|20|11|1.0|
opcog_y|20|11|1.0|
opcog_z|20|11|1.0|
bend_ang|20|701|.001|
dry_wt|20|811|1.0|
dry_uwt|20|861|.1|
wet_wt|20|811|1.0|
wet_uwt|20|861|.1|
oper_wt|20|811|1.0|
surf_area|20|513|.1|
v_area|20|513|.1|
v_volume|20|613|.1|
thickness|20|11|1.0|
density|20|911|.1|
insul_dens|20|911|.1|
length|20|11|5.0|
length|20|12|5.0|
