17500,12000
445,2326,945,2639,23,DMEdDm
3674,10035,4174,10347,23,EMPFlAt
3677,4511,4177,4824,23,GRAtMdTDrV
3090,9091,3590,9403,23,EMPPrBs
3098,6603,3598,6915,23,GRPrDlE
2590,9403,3090,9716,23,GRPrPn
3090,9716,3590,10028,23,EMPNsPl
2590,10341,3090,10653,23,EMPPn
3090,10341,3590,10653,23,EMPLSg
3677,4824,4177,5136,23,GRCrDrSh
3674,10347,4174,10660,23,GRPlPf
2590,9716,3090,10028,23,EMPNsPlMdS
2590,8778,3090,9091,23,EMPAnBsBtE
3090,10028,3590,10341,23,EMPLMnDsBt
3674,9722,4174,10035,23,EMPCmCr
2590,10028,3090,10341,23,EMPCh
3090,9403,3590,9716,23,GRPrEl
3089,4822,3589,5135,23,GRPTxAlEl
3674,9410,4174,9722,23,MDCrArCr
2598,6290,3098,6603,23,GRSpE
3098,6915,3598,7228,23,EMInPl
3680,6597,4180,6909,23,IDExEDyn
2598,6603,3098,6915,23,GRMdE
3680,6284,4180,6597,23,EMDlCrTIn
2590,9091,3090,9403,23,EMPAnBs3Pn
2598,6915,3098,7228,23,EMInPlCrSc
3680,6909,4180,7222,23,GREx2ETIn
3089,4510,3589,4822,23,GRRpTx
2589,4510,3089,4822,23,GREdTx
2589,4822,3089,5135,23,GRPTx
445,4826,945,5139,23,DMPScLnDm
445,4201,945,4514,23,DMSMsAx
945,2951,1445,3264,23,DMCpDm
445,2951,945,3264,23,DMPRdDm
945,2639,1445,2951,23,DMSwDm
445,2639,945,2951,23,DMRtDm
945,2326,1445,2639,23,DMMdDmGm
11284,3909,11784,4222,23,GRClPr
13452,1723,13952,2035,23,ASCPrIn
12372,3284,12872,3596,23,GRPlPnOnCn
11784,3597,12284,3909,23,GRPSrAnDmC
11284,3597,11784,3909,23,GRPSrLnDmC
11784,3284,12284,3597,23,GRPScAnDmC
11284,3284,11784,3597,23,GRPScLnDmC
11784,2972,12284,3284,23,GRPRdDmCn
13952,2973,14452,3285,23,ASPEqPnOC
12872,1401,13372,1713,23,ASExAPnCn
12872,1088,13372,1401,23,ASExAPnTn
11784,2659,12284,2972,23,GRPlEqCn
11284,2972,11784,3284,23,GRPSnPrDmC
12872,776,13372,1088,23,ASExAPnIn
11784,2347,12284,2659,23,GRTgDmDrDv
11284,2659,11784,2972,23,GRPSyDiDmC
12372,1401,12872,1713,23,ASExAPnPr
11784,2034,12284,2347,23,GRRvUnGm
12372,1088,12872,1401,23,ASExAPnMd
11284,2347,11784,2659,23,GRCrAdTPf
11784,1722,12284,2034,23,GRRcPf
12372,776,12872,1088,23,ASExAKySg
11284,2034,11784,2347,23,GRUnPf
12372,463,12872,776,23,ASExAPnKy
11284,1722,11784,2034,23,GREdDmVl
11785,1088,12285,1400,23,MDTrOfRfDs
11785,775,12285,1088,23,MDCrRfPAnP
11785,463,12285,775,23,MDCrRfPPrP
11285,1088,11785,1400,23,MDTrOnRfDs
11285,775,11785,1088,23,MDTgRfPlLc
11285,463,11785,775,23,MDSlAcRfPl
12372,3596,12872,3909,23,GRPlHrVrCn
13952,2035,14452,2348,23,ASDtAEFrTr
13452,2035,13952,2348,23,ASAtETTrPn
6362,778,6862,1090,23,EMPPlTnSr
6825,8808,7325,9120,23,GRCrV
6325,8808,6825,9120,23,HSTgVDsMd
6362,6600,6862,6912,23,HSPlMdLg
6862,8162,7362,8475,23,GRCVCn
6792,10378,7242,10660,23,USkey1
6862,6287,7362,6600,23,HSCpRnAt
5825,8808,6325,9120,23,EXSvFl
6362,7850,6862,8162,23,GRSVDsDp
6362,6912,6862,7225,23,HSSvIm
6362,8162,6862,8475,23,GRRtV3Pn
6862,7225,7362,7537,23,HSStDsPr
6362,7537,6862,7850,23,GRChPrAn
6362,7225,6862,7537,23,HSDsRg
6860,3270,7360,3582,23,EMPRlSr
6360,3270,6860,3582,23,EMPFlSr
6362,6287,6862,6600,23,HSStAcRnAt
6860,3895,7360,4207,23,EMPSrDrFtC
6360,2957,6860,3270,23,EMPBlSr
6360,3582,6860,3895,23,EMPSrPl
6860,2020,7360,2332,23,EMPSr4Bn
6360,2645,6860,2957,23,EMMnVrCv
6862,7850,7362,8162,23,GRSZDp
6860,2332,7360,2645,23,EMPBS2SUNC
6360,2020,6860,2332,23,EMPSr3Bn
6360,2332,6860,2645,23,EMPBS2SUIC
6792,10097,7242,10378,23,USkey11
6362,1090,6862,1403,23,EMPPlEnPlE
6360,3895,6860,4207,23,EMPOfSr
6860,3582,7360,3895,23,EMPFtSr
6860,2957,7360,3270,23,EMPSrThNtC
6862,778,7362,1090,23,EMPPlTnCr
6862,1090,7362,1403,23,EMPRcPl3Pn
6860,2645,7360,2957,23,EMPSkSrNrS
6862,7537,7362,7850,23,GRAlV
6862,6912,7362,7225,23,HSDsIm
6862,6600,7362,6912,23,GRCrClTb
4175,774,4675,1087,23,GRPEdPt
946,1081,1446,1394,23,DMCmDm
1515,767,2015,1080,23,GRPSyOv
945,2014,1445,2326,23,DMDsDmPrFr
3091,453,3591,766,23,GRRvPr
2591,453,3091,766,23,GRUpPrLs
3091,766,3591,1078,23,GRSvPrDt
2015,1392,2515,1705,23,VECrVsEd
3675,1712,4175,2024,23,MDCrScVw
2015,767,2515,1080,23,GRRvSyOv
4175,1087,4675,1399,23,IMCvF
1515,1705,2015,2017,23,HLPrDtDs
3675,2024,4175,2337,23,GRRmBnFrCr
4175,2024,4675,2337,23,GRAdBnTCrG
2591,766,3091,1078,23,GRPlPr
2015,1080,2515,1392,23,VERtEdRsFS
1515,1392,2015,1705,23,HLSpHdSy
4175,1712,4675,2024,23,GRCrCr
445,2014,945,2326,23,DMDsDmEnFr
4175,462,4675,774,23,GRSEdPtDl
4175,1399,4675,1712,23,GRTrOfLyRf
946,1394,1446,1706,23,DMHdDm
446,1394,946,1706,23,DMShDm
3675,1399,4175,1712,23,GRTrOnLyRf
1515,455,2015,767,23,GRDrSnSyOv
1515,1080,2015,1392,23,EMPPrL
446,1081,946,1394,23,DMTgDmMd
2015,1705,2515,2017,23,HLChHdSy
946,769,1446,1081,23,DMAtDm
446,769,946,1081,23,GRTgGmCnDs
946,456,1446,769,23,DMOfDmTx
446,456,946,769,23,DMUpDmGr
3675,774,4175,1087,23,GRPArPt
3091,1391,3591,1703,23,GREdPr
2591,1391,3091,1703,23,GRCrPr
3091,1078,3591,1391,23,GRAdPrTPrL
3675,1087,4175,1399,23,IMPlC
2591,1078,3091,1391,23,GRCrPrLs
3675,462,4175,774,23,GRSArPtDl
4177,4199,4677,4511,23,GRSDrVSh
4177,3261,4677,3574,23,GRCrPrDrV
4177,3886,4677,4199,23,GRRvDrV
4177,4511,4677,4824,23,GRDtMdFrDr
4177,4824,4677,5136,23,GRRvDrShSt
4177,3574,4677,3886,23,GRDrDrVAl
4175,2337,4675,2649,23,GRCSpAnCr
4175,2649,4675,2962,23,EMPWrMd
4180,6595,4680,6907,23,GRExArAn
3677,4199,4177,4511,23,GRAlDrV
3677,3261,4177,3574,23,GRCrAxDrV
3677,3886,4177,4199,23,GRCrDrV
3677,3574,4177,3886,23,GRCDrVSc
3675,2649,4175,2962,23,GRPlLnArCm
3089,3260,3589,3572,23,GRSlTxFrAS
3089,3885,3589,4197,23,GRCTxtPol
3089,4197,3589,4510,23,GRStTxPr
3089,3572,3589,3885,23,GRTrOfEmTx
2589,2322,3089,2635,23,GRCTxSz
2589,3885,3089,4197,23,GRCpTxFlJs
2589,3260,3089,3572,23,GRSvTxTAsF
2589,4197,3089,4510,23,GRCpTxPr
2589,3572,3089,3885,23,GRTrOnEmTx
2589,2635,3089,2947,23,ASShPrVl
2018,3880,2518,4192,23,DMPlSrTxSy
2018,4192,2518,4505,23,DMPCn
2018,4505,2518,4817,23,DMPLdTxBl
2018,4817,2518,5130,23,DMPDtFr
2018,3567,2518,3880,23,DMRpTr
3089,2947,3589,3260,23,GRPVInTx
3675,2337,4175,2649,23,GRRvCrGm
2589,2947,3089,3260,23,GRPVInFtTx
3089,2635,3589,2947,23,GRPFtTx
1518,4505,2018,4817,23,DMPTxLd
1518,4192,2018,4505,23,DMAdLdLn
1518,4817,2018,5130,23,DMPFtCnFr
1518,3880,2018,4192,23,DMPlWlSy
1518,3567,2018,3880,23,DMEdAn
3089,2322,3589,2635,23,GRSlTxFrTx
950,6594,1450,6907,23,EMInE
945,3264,1445,3576,23,DMPRdDmDm
945,4201,1445,4514,23,DMAdMsTGr
945,4826,1445,5139,23,DMPSrLnDm
945,3576,1445,3889,23,DMPSyDmDm
945,4514,1445,4826,23,DMPSnPrDm
945,3889,1445,4201,23,DMPSrAnDm
450,6594,950,6907,23,IDSkchShp
450,6282,950,6594,23,GRStFnE
445,3576,945,3889,23,DMPLnDmDm
445,4514,945,4826,23,DMPCrLnDm
445,3264,945,3576,23,DMPCrDmDm
445,3889,945,4201,23,DMPScAnDm
10786,6281,11286,6593,23,GRCpFnE
11286,6281,11786,6593,23,GRCpPl
11286,6593,11786,6906,23,GRCpScE3Pn
10786,6593,11286,6906,23,GRCpScE
10786,6906,11286,7218,23,GRCpRtEAbA
11286,6906,11786,7218,23,GRCpAlE
11286,7218,11786,7531,23,MDCpMrPl
9680,6596,10180,6908,23,GRScE3Pn
10786,7218,11286,7531,23,GRCpMrEAbA
10180,6908,10680,7221,23,GRScE
8574,6287,9074,6599,23,GRCrLsNmE
9074,6599,9574,6912,23,GRHiLtEl
9680,6908,10180,7221,23,GRAlE
10180,7221,10680,7533,23,GRRtEAbAx
8574,6599,9074,6912,23,GRRnE
9074,6912,9574,7224,23,GRCENm
9680,7221,10180,7533,23,GRMrEAbAx
7976,6595,8476,6907,23,GRTrOfV
8574,6912,9074,7224,23,GRCFlMdE
7476,6595,7976,6907,23,GRTrOnV
9074,7224,9574,7537,23,MDDlHrEd
7976,6907,8476,7220,23,GRTgDyMdAl
8574,7224,9074,7537,23,MDPlHrCsEd
7476,6907,7976,7220,23,GRTgDyMdIn
7976,7220,8476,7532,23,GRStWnSh
5752,6594,6252,6906,23,GRCrLcPl
7476,7220,7976,7532,23,GRRvSvV
5252,6594,5752,6906,23,GRSbPlFl
5752,6906,6252,7219,23,HSCShPlFl
5252,6906,5752,7219,23,GRCrPlRq
5752,7219,6252,7531,23,GRNtBk
5252,7219,5752,7531,23,MDCnIGClLb
10180,7533,10680,7846,23,GRMrEAbHrA
7242,10378,7692,10660,23,USkey2
7242,10097,7692,10378,23,USkey12
7692,10378,8142,10660,23,USkey3
7692,10097,8142,10378,23,USkey13
8142,10378,8592,10660,23,USkey4
8592,10378,9042,10660,23,USkey5
8142,10097,8592,10378,23,USkey14
9042,10378,9492,10660,23,USkey6
8592,10097,9042,10378,23,USkey15
5752,8156,6252,8469,23,EXEx
7325,8808,7825,9120,23,GRCVAr
9042,10097,9492,10378,23,USkey16
5752,7844,6252,8156,23,MDSvEl
7825,8808,8325,9120,23,GRUpV
5752,7531,6252,7844,23,MDCnIGFlMc
7476,8157,7976,8470,23,GRCpV
8325,8808,8825,9120,23,GRDsVwDy
10842,10378,11292,10660,23,USkey10
7476,7845,7976,8157,23,GRShVPr
7476,7532,7976,7845,23,GRSvV
8825,8808,9325,9120,23,GRFtV
10392,10097,10842,10378,23,USkey19
7976,8157,8476,8470,23,GRSwV
10842,10097,11292,10378,23,USkey20
9325,8808,9825,9120,23,GRCSy
8574,8162,9074,8474,23,GRTrOnEDs
9825,8808,10325,9120,23,GRMvE
9074,8162,9574,8474,23,GRTrOfEDs
9074,7849,9574,8162,23,EMCRlLDs
10325,8808,10825,9120,23,GRCpE
9074,7537,9574,7849,23,MDMrTnEd
9680,8158,10180,8471,23,GRCLy
10825,8808,11325,9120,23,GRDlE
9680,7846,10180,8158,23,GRRtE
8574,7537,9074,7849,23,EMTgCnPlDs
10180,8158,10680,8471,23,GRMvEAlVc
9680,7533,10180,7846,23,GRMrEAbVrA
10180,7846,10680,8158,23,GRRtE3Pn
10786,8156,11286,8468,23,GRCpChLy
10786,7531,11286,7843,23,GRCpMrEAbV
10786,7843,11286,8156,23,GRCpRtE
7976,7532,8476,7845,23,GRRtSvV
7976,7845,8476,8157,23,GRRnV
8574,7849,9074,8162,23,MDTgRlLnDs
950,10344,1450,10657,23,EMPBlCrBt2
950,10032,1450,10344,23,EMPFtCr
950,9719,1450,10032,23,EMPOfCNrTS
950,9407,1450,9719,23,EMMrCr
950,9094,1450,9407,23,EMExPrCr
950,8782,1450,9094,23,EMInKn
1517,10340,2017,10653,23,GRPFl
1517,10028,2017,10340,23,GRPHlElAx
1517,9715,2017,10028,23,GRPElAx
2017,10340,2517,10653,23,GRPFlMnTr
1517,9403,2017,9715,23,GRCAxCn
1517,9090,2017,9403,23,EMPArCnR
2017,10028,2517,10340,23,GRPQrElAx
1517,8778,2017,9090,23,IDPAr3Pn
2017,9715,2517,10028,23,GRPElCn
1517,8465,2017,8778,23,GRCArTCr
2017,9403,2517,9715,23,EMPArR2Pn
2017,9090,2517,9403,23,EMPArCn
2017,8778,2517,9090,23,GRCArTDgCm
2017,8465,2517,8778,23,EMPCr3Pn
2017,7840,2517,8153,23,EMPCrTnT3E
4174,10035,4674,10347,23,ASPACn
9492,10378,9942,10660,23,USkey7
5325,8808,5825,9120,23,EXHl
9942,10378,10392,10660,23,USkey8
10392,10378,10842,10660,23,USkey9
9492,10097,9942,10378,23,USkey17
9942,10097,10392,10378,23,USkey18
5252,7531,5752,7844,23,GRCnMcDsFl
4174,10347,4674,10660,23,EMDrAlPrCm
4174,9722,4674,10035,23,EMPCmCrAt
4174,9410,4674,9722,23,EMDlCr
5252,8156,5752,8469,23,EXRtFl
5252,7844,5752,8156,23,TRSav
4180,6909,4680,7222,23,GRExETIn
950,6907,1450,7219,23,EMPrCrAlVc
950,8469,1450,8782,23,EMInOrCr
950,7219,1450,7532,23,EMPPrTnT2C
950,8157,1450,8469,23,IDRmPole
1517,7528,2017,7840,23,EMPCTnTECD
950,7532,1450,7844,23,EMPCn5Pn
1517,7840,2017,8153,23,EMPCrCnDm
2017,8153,2517,8465,23,EMPCrCEPnD
950,7844,1450,8157,23,EMPCn4Pn1T
1517,8153,2017,8465,23,EMPCrDmPn
8597,1094,9097,1407,23,EMDfE
7982,1085,8482,1397,23,EMPSlBx2Pn
7482,3897,7982,4210,23,EMPSlCyAxR
7482,3585,7982,3897,23,EMPSlCnAxR
7482,3272,7982,3585,23,EMPSlSpCnR
7482,2960,7982,3272,23,EMPSlTrAxC
6362,465,6862,778,23,EMPPlNrTCr
7982,3897,8482,4210,23,EMPCyAxR
7482,2647,7982,2960,23,EMPSlElCnA
7982,3585,8482,3897,23,EMPCnAxR
7482,2335,7982,2647,23,EMPSlElFcA
7982,1397,8482,1710,23,EMPTb
7982,3272,8482,3585,23,EMPSpCnR
7482,2022,7982,2335,23,EMPSlRgECy
7482,1710,7982,2022,23,EMPSlRgECn
7982,2960,8482,3272,23,EMPTrAxCnR
7482,1397,7982,1710,23,EMPSlTb
8604,2954,9104,3267,23,EMPSkSl
7982,2647,8482,2960,23,EMPElCnAxR
7482,1085,7982,1397,23,EMPSlBx4Pn
8604,3892,9104,4204,23,EMPSlPr
7982,2335,8482,2647,23,EMPElFcAxL
6862,465,7362,778,23,EMPPrPl3Pn
7982,2022,8482,2335,23,EMPRgElCy
8604,3579,9104,3892,23,EMPSlRv
7982,1710,8482,2022,23,EMPRgElCn
8604,3267,9104,3579,23,EMPDrSl
8597,469,9097,782,23,EMRpTrNd
8597,782,9097,1094,23,EMUnE
9721,2955,10221,3267,23,EMPlRb
13455,6157,13955,6470,23,MDMTnBt2Sr
9721,2642,10221,2955,23,EMAdDr
9721,2330,10221,2642,23,EMRnEd
9721,2017,10221,2330,23,EMRpSr
13955,6470,14455,6782,23,MDDsIs
9721,1705,10221,2017,23,EMCrFc
13458,5527,13958,5840,23,MDAnTlWrCs
9721,1392,10221,1705,23,EMLfFc
9104,3892,9604,4204,23,EMPSrPr
13955,6157,14455,6470,23,EMMNrTnSr
9721,1080,10221,1392,23,EMPSlPrSrP
9104,3579,9604,3892,23,EMPSrRv
9721,767,10221,1080,23,EMUnStTr
9721,455,10221,767,23,MDDlFt
9104,3267,9604,3579,23,EMPDrSr
9104,2954,9604,3267,23,EMPSkSr
13958,5527,14458,5840,23,MDAnTlStRs
15523,7229,16023,7541,23,GRDlCmFrPl
10221,1392,10721,1705,23,EMLfFcDrAn
15023,6604,15523,6916,23,EXAtPpMn
15023,6291,15523,6604,23,EXAtFnKyMn
9097,1094,9597,1407,23,EMIn2E
9097,782,9597,1094,23,EMInPlSvSd
9097,469,9597,782,23,EMCmStTr
15013,2969,15513,3282,23,GRCnSyTCl
15013,1715,15513,2028,23,GRAtRfFl
15013,1090,15513,1403,23,GRDrRfFlSy
15013,778,15513,1090,23,GRTrOnLyRf
15013,465,15513,778,23,GRMdClPlDp
13453,8939,13953,9252,23,GRMAnBt2Pn
13953,9252,14453,9564,23,GRMAnL
11894,6291,12394,6603,23,ASCpMvDpGr
12394,7541,12894,7853,23,ASUpAAt
12394,7228,12894,7541,23,ASPAEx
13453,8627,13953,8939,23,EMMNrTnCr
13953,8939,14453,9252,23,EMShCrPrPn
12394,6916,12894,7228,23,GRShDrCmFr
12394,6603,12894,6916,23,ASCCrDp
10221,3892,10721,4205,23,EMPCs
12394,6291,12894,6603,23,ASCARt
10221,3580,10721,3892,23,EMAddMtl
10221,3267,10721,3580,23,EMPlCt
15023,7541,15523,7854,23,GRCrPl
13453,11127,13953,11439,23,GRMDsBtPn
13953,11127,14453,11439,23,GRMDsBtPnE
13453,10814,13953,11127,23,GRMMnDsBt2
13453,10502,13953,10814,23,GRMLnE
13953,10502,14453,10814,23,GRMDm
13453,10189,13953,10502,23,GRMAn2Pn
13953,10189,14453,10502,23,GRMAn3Pn
13453,9877,13953,10189,23,GRMLnAlE
13453,9564,13953,9877,23,GRMSwAnE
15019,9708,15519,10020,23,GRSAn3Pn
13955,6782,14455,7095,23,MDAnIn
12325,8808,12825,9120,23,GRStFr
15519,9708,16019,10020,23,GRSAn
15019,9395,15519,9708,23,GRCCrDr
15519,9395,16019,9708,23,GRSSc3Pn
15019,9083,15519,9395,23,GRSSc
15519,9083,16019,9395,23,GRSDsMsUn
13955,7095,14455,7407,23,EMedtmp
16103,9088,16603,9401,23,GRCFlMdFl
15019,8770,15519,9083,23,GRSArMsUn
15519,8770,16019,9083,23,GRRvAnRdUn
13455,7720,13955,8032,23,EMMRCrSr
13455,8032,13955,8345,23,MDAnInACs
15019,8458,15519,8770,23,GRTrOfUnLc
16103,8776,16603,9088,23,GRRvESlCr
13955,7407,14455,7720,23,EMCMsPr
13455,6782,13955,7095,23,GRMArE
13455,7095,13955,7407,23,EMEvMsPr
13455,7407,13955,7720,23,EMEvArPr
13955,7720,14455,8032,23,EMShSrPrPn
15023,6916,15523,7229,23,GRDlPl
15023,7229,15523,7541,23,GRAdCmTPl
13955,8032,14455,8345,23,MDAnInBCs
15523,6604,16023,6916,23,EXDtPpMn
16105,6616,16605,6928,23,GRDrEFrGrG
15523,6916,16023,7229,23,GRSvPlTFl
16105,6928,16605,7241,23,GRCrGrGr
16103,7526,16603,7838,23,GRTrOnApPr
16103,7838,16603,8151,23,GRRvLnRdUn
16105,6303,16605,6616,23,GRPGrGr
16103,8151,16603,8463,23,GRTrOnRFLc
16595,4839,17095,5151,23,ASCrMcDf
16595,4526,17095,4839,23,ASMdMcOc
16103,8463,16603,8776,23,GRTrOnELc
16595,4214,17095,4526,23,ASCpMcDf
16595,3901,17095,4214,23,ASShMcRtDW
16103,9401,16603,9713,23,EXShVr
16103,9713,16603,10026,23,EMRvMdPr
16605,6616,17105,6928,23,GRDrGr
16605,6928,17105,7241,23,GRAdETGrGr
16095,3589,16595,3901,23,ASEdMcDf
16603,7526,17103,7838,23,GRTrOfApPr
15513,3907,16013,4219,23,GRPSy
16603,7838,17103,8151,23,GRSUnRnOf
16603,8151,17103,8463,23,GRTrOfRFLc
450,6907,950,7219,23,EMPrCrSrAl
15013,3594,15513,3907,23,GRRpSyGl
15013,3282,15513,3594,23,GRRpClGl
11825,8808,12325,9120,23,GRTgAs
11325,8808,11825,9120,23,ASUpAE
13953,10814,14453,11127,23,GRMRE
450,10344,950,10657,23,IDDrawCv
450,10032,950,10344,23,EMPCrPlPn
450,9719,950,10032,23,EMPOfCr
450,9407,950,9719,23,EMAl2Cr
450,9094,950,9407,23,EMMdCrSh
450,8782,950,9094,23,EMInPlWtCh
450,8469,950,8782,23,IDChgCvOrd
450,8157,950,8469,23,EMRdCrDt
450,7844,950,8157,23,EMPRhCn
450,7532,950,7844,23,EMPCn3Pn2T
450,7219,950,7532,23,EMPCnLn
16603,2341,17103,2654,23,GRPCrSyPlE
16603,2029,17103,2341,23,GRSCrSy
16103,2341,16603,2654,23,GRPCrSy3Pn
16603,1716,17103,2029,23,GRSCrSyTy
15513,2657,16013,2969,23,GRPVInSy
16603,1404,17103,1716,23,GRTgCrSyDs
16595,3589,17095,3901,23,ASDlMcDf
16103,2029,16603,2341,23,GRPCrSyFrV
15013,2344,15513,2657,23,GRPLTr
16603,1091,17103,1404,23,ASPACrSy3P
16603,779,17103,1091,23,ASDtAEFrCr
16095,3276,16595,3589,23,ASDrMc
16103,1716,16603,2029,23,GRRvCrSy
16103,1404,16603,1716,23,MDCRfPlCrS
15513,1715,16013,2028,23,GRDtRfFl
15513,3282,16013,3594,23,GRRpAlClGl
16095,3901,16595,4214,23,ASExElMcOc
16103,1091,16603,1404,23,ASPACrSyZA
16103,779,16603,1091,23,ASAtETCrSy
16095,4214,16595,4526,23,ACCrCnDF
15513,3594,16013,3907,23,GRRpAlSyGl
16103,466,16603,779,23,ASPVAlCrSy
16095,4526,16595,4839,23,ASRvMcLb
16095,4839,16595,5151,23,ASPMc
15013,1403,15513,1715,23,GRRvRfFl
15513,4219,16013,4532,23,GRRvClDf
15013,3907,15513,4219,23,GRPCl
15513,4532,16013,4844,23,GRDlClDf
15013,4219,15513,4532,23,GRAtClLb
15513,4844,16013,5157,23,GRCrClDf
15013,4532,15513,4844,23,GRRnClDf
13952,4223,14452,4535,23,ASPAPnCn
13452,4223,13952,4535,23,ASPASg
13952,3910,14452,4223,23,ASPALTnT2E
13452,3910,13952,4223,23,ASPAPnTn
12873,4221,13373,4534,23,GRPlNrCn
13952,3598,14452,3910,23,ASPAPnMd
13452,3598,13952,3910,23,ASPAKy
12372,4221,12872,4534,23,GRPlClCn
12873,3909,13373,4221,23,GRPlPrCn
13952,3285,14452,3598,23,ASPAPnCrSy
13452,3285,13952,3598,23,ASPAPnIn
11784,4222,12284,4534,23,GREdPf
13452,2973,13952,3285,23,ASPEqPn
11284,4222,11784,4534,23,GRPlPf
12372,3909,12872,4221,23,GRPlGrCn
12873,3596,13373,3909,23,GRPlTnCn
13952,2660,14452,2973,23,ASPRPr
13452,2660,13952,2973,23,ASPAnPr
13952,2348,14452,2660,23,ASDrAs
13452,2348,13952,2660,23,ASPDsPr
12873,3284,13373,3596,23,GRPlCnCn
11784,3909,12284,4222,23,GRDlPrCm
13952,1723,14452,2035,23,ASCPrMdGr
5259,3900,5759,4213,23,EMRdSrDt
5259,3588,5759,3900,23,EMSpSr
5259,3275,5759,3588,23,EMMdSrSh
5259,2963,5759,3275,23,MDAdPrOnCr
5259,2650,5759,2963,23,EMMvMnPOnS
5259,2338,5759,2650,23,IDInsPls
5259,2025,5759,2338,23,EMExSrPl
5259,1713,5759,2025,23,EMAl2Sr
5259,1400,5759,1713,23,EMImSrBn
5259,1088,5759,1400,23,IDSmthSf
5259,775,5759,1088,23,EMInKnl
5259,463,5759,775,23,EMShStEd
5759,3900,6259,4213,23,IDChgSfOrd
5759,3588,6259,3900,23,EMExPrSr
5759,3275,6259,3588,23,EMCCrDr
5759,2963,6259,3275,23,EMMvPlOnSr
5759,2650,6259,2963,23,EMMvPlOnCr
5759,2338,6259,2650,23,IDRmRwPl
5759,2025,6259,2338,23,EMInOrSr
5759,1713,6259,2025,23,EMMrSr
5759,1400,6259,1713,23,EMDlSrBn
5759,1088,6259,1400,23,IDSmthCv
5759,775,6259,1088,23,EMPCmE
5759,463,6259,775,23,EMUnSr
15513,2969,16013,3282,23,GRRpSyIn
16175,12894,17390,13100,23,IG logo
16603,9713,17103,10026,23,GRDfLnSt
16603,9401,17103,9713,23,GREdLy
16603,9088,17103,9401,23,GREvGnBt
16603,8776,17103,9088,23,GRChLyLcEl
16603,8463,17103,8776,23,GRTrOfELc
15519,8458,16019,8770,23,GRTrOnUnLc
15523,7541,16023,7854,23,GRCrPlFrFl
15013,4844,15513,5157,23,GRSClDf
15513,1403,16013,1715,23,GRCRfFlAt
15513,1090,16013,1403,23,GRScRfFl
15513,778,16013,1090,23,GRTrOfLyRf
12388,8155,12888,8468,23,GRTgUn
15013,2657,15513,2969,23,GRDrSySy
11286,8156,11786,8468,23,GRCpPr
11286,7843,11786,8156,23,GRCpRtE3Pn
11286,7531,11786,7843,23,GRCpMrEAbH
11888,8155,12388,8468,23,GRUnE
13953,9877,14453,10189,23,GRMAnBtLAr
11894,7541,12394,7853,23,ASTgAtUpAE
11894,7228,12394,7541,23,ASCrAEx
13953,9564,14453,9877,23,GRMAnBt2L
13453,9252,13953,9564,23,EMMRCrCr
11894,6916,12394,7228,23,DMTgDmNmVl
11894,6603,12394,6916,23,ASNvDpGr
10221,2955,10721,3267,23,EMRmMtl
10221,2642,10721,2955,23,EMCrThWlSl
10221,2330,10721,2642,23,EMChEd
10221,2017,10721,2330,23,EMChVr
10221,1705,10721,2017,23,EMCrLfFc
10221,1080,10721,1392,23,EMPSlCpSrP
9721,3892,10221,4205,23,EMPCb
10221,767,10721,1080,23,EMCrPt
9721,3580,10221,3892,23,EMPlHl
9721,3267,10221,3580,23,EMPPc
13455,6470,13955,6782,23,GRRvE
