1.200000
1.200463
1.237500
1.197685
1.199537
1.199537
1.199537
1.199537
1.218981
1.132407
1.156019
1.203704
1.206481
1.206944
1.221759
1.222685
1.208796
1.159259
1.199537
1.199074
1.215741
1.200926
1.218981
1.183796
1.199537
1.199537
1.117593
1.271296
1.290278
1.291667
1.271296
1.157000
1.179630
1.199074
1.197222
1.176852
1.199537
1.206019
1.200000
1.205556
1.199537
1.213889
1.199537
1.199537
1.199537
1.200926
1.139815
1.196296
1.198611
1.199537
1.213426
1.213426
1.199537
1.030093
1.306944
1.199537
1.200000
1.199537
1.205556
1.199537
1.200000
1.205556
1.194907
1.201852
1.169907
1.199537
1.199537
1.191667
1.199537
1.199537
1.185648
1.199537
1.199537
1.199537
1.199537
1.200463
1.204630
1.199537
1.199537
1.200000
1.199537
1.199537
1.198148
1.199537
1.161574
1.191204
1.185648
1.161574
1.239352
1.239815
1.243056
1.227315
1.238426
1.237037
1.238426
1.230556
